7495 7491.76 7488.58 7485.51 7482.6 7479.94 7477.6 7475.66 7474.2 7473.3 7472.99 7473.3 7474.2 7475.66 7477.6 7479.94 7482.6 7485.51 7488.58 7491.76 7495 7498.23 7501.42 7504.51 7507.44 7510.18 7512.64 7514.78 7516.53 7517.83 7518.63 7518.9 7518.63 7517.83 7516.53 7514.78 7512.64 7510.18 7507.44 7504.51 7501.42 7498.23 
7491.76 7488.43 7485.09 7481.81 7478.66 7475.73 7473.1 7470.89 7469.21 7468.15 7467.79 7468.15 7469.21 7470.89 7473.1 7475.73 7478.66 7481.81 7485.09 7488.43 7491.76 7495.05 7498.23 7501.28 7504.13 7506.74 7509.07 7511.07 7512.69 7513.88 7514.61 7514.85 7514.61 7513.88 7512.69 7511.07 7509.07 7506.74 7504.13 7501.28 7498.23 7495.05 
7488.58 7485.09 7481.54 7477.99 7474.51 7471.21 7468.19 7465.59 7463.58 7462.3 7461.86 7462.3 7463.58 7465.59 7468.19 7471.21 7474.51 7477.99 7481.54 7485.09 7488.58 7491.96 7495.19 7498.23 7501.05 7503.6 7505.84 7507.74 7509.27 7510.39 7511.07 7511.3 7511.07 7510.39 7509.27 7507.74 7505.84 7503.6 7501.05 7498.23 7495.19 7491.96 
7485.51 7481.81 7477.99 7474.09 7470.19 7466.4 7462.84 7459.72 7457.23 7455.61 7455.05 7455.61 7457.23 7459.72 7462.84 7466.4 7470.19 7474.09 7477.99 7481.81 7485.51 7489.03 7492.34 7495.42 7498.23 7500.75 7502.95 7504.8 7506.27 7507.33 7507.98 7508.2 7507.98 7507.33 7506.27 7504.8 7502.95 7500.75 7498.23 7495.42 7492.34 7489.03 
7482.6 7478.66 7474.51 7470.19 7465.77 7461.34 7457.08 7453.2 7450.01 7447.87 7447.11 7447.87 7450.01 7453.2 7457.08 7461.34 7465.77 7470.19 7474.51 7478.66 7482.6 7486.3 7489.73 7492.87 7495.72 7498.23 7500.41 7502.23 7503.66 7504.7 7505.33 7505.54 7505.33 7504.7 7503.66 7502.23 7500.41 7498.23 7495.72 7492.87 7489.73 7486.3 
7479.94 7475.73 7471.21 7466.4 7461.34 7456.13 7450.92 7445.98 7441.73 7438.75 7437.65 7438.75 7441.73 7445.98 7450.92 7456.13 7461.34 7466.4 7471.21 7475.73 7479.94 7483.83 7487.4 7490.63 7493.52 7496.06 7498.23 7500.04 7501.46 7502.48 7503.09 7503.3 7503.09 7502.48 7501.46 7500.04 7498.23 7496.06 7493.52 7490.63 7487.4 7483.83 
7477.6 7473.1 7468.19 7462.84 7457.08 7450.92 7444.5 7438.08 7432.19 7427.75 7425.99 7427.75 7432.19 7438.08 7444.5 7450.92 7457.08 7462.84 7468.19 7473.1 7477.6 7481.7 7485.4 7488.73 7491.67 7494.24 7496.43 7498.23 7499.65 7500.66 7501.27 7501.47 7501.27 7500.66 7499.65 7498.23 7496.43 7494.24 7491.67 7488.73 7485.4 7481.7 
7475.66 7470.89 7465.59 7459.72 7453.2 7445.98 7438.08 7429.64 7421.2 7414.08 7410.79 7414.08 7421.2 7429.64 7438.08 7445.98 7453.2 7459.72 7465.59 7470.89 7475.66 7479.95 7483.79 7487.2 7490.2 7492.81 7495.01 7496.82 7498.23 7499.25 7499.85 7500.06 7499.85 7499.25 7498.23 7496.82 7495.01 7492.81 7490.2 7487.2 7483.79 7479.95 
7474.2 7469.21 7463.58 7457.23 7450.01 7441.73 7432.19 7421.2 7408.89 7396.59 7389.03 7396.59 7408.89 7421.2 7432.19 7441.73 7450.01 7457.23 7463.58 7469.21 7474.2 7478.65 7482.6 7486.09 7489.14 7491.77 7493.99 7495.81 7497.22 7498.23 7498.84 7499.04 7498.84 7498.23 7497.22 7495.81 7493.99 7491.77 7489.14 7486.09 7482.6 7478.65 
7473.3 7468.15 7462.3 7455.61 7447.87 7438.75 7427.75 7414.08 7396.59 7374.37 7352.16 7374.37 7396.59 7414.08 7427.75 7438.75 7447.87 7455.61 7462.3 7468.15 7473.3 7477.85 7481.87 7485.4 7488.49 7491.14 7493.38 7495.2 7496.62 7497.63 7498.23 7498.44 7498.23 7497.63 7496.62 7495.2 7493.38 7491.14 7488.49 7485.4 7481.87 7477.85 
7472.99 7467.79 7461.86 7455.05 7447.11 7437.65 7425.99 7410.79 7389.03 7352.16 7270.97 7352.16 7389.03 7410.79 7425.99 7437.65 7447.11 7455.05 7461.86 7467.79 7472.99 7477.58 7481.62 7485.18 7488.27 7490.93 7493.17 7494.99 7496.41 7497.42 7498.03 7498.23 7498.03 7497.42 7496.41 7494.99 7493.17 7490.93 7488.27 7485.18 7481.62 7477.58 
7473.3 7468.15 7462.3 7455.61 7447.87 7438.75 7427.75 7414.08 7396.59 7374.37 7352.16 7374.37 7396.59 7414.08 7427.75 7438.75 7447.87 7455.61 7462.3 7468.15 7473.3 7477.85 7481.87 7485.4 7488.49 7491.14 7493.38 7495.2 7496.62 7497.63 7498.23 7498.44 7498.23 7497.63 7496.62 7495.2 7493.38 7491.14 7488.49 7485.4 7481.87 7477.85 
7474.2 7469.21 7463.58 7457.23 7450.01 7441.73 7432.19 7421.2 7408.89 7396.59 7389.03 7396.59 7408.89 7421.2 7432.19 7441.73 7450.01 7457.23 7463.58 7469.21 7474.2 7478.65 7482.6 7486.09 7489.14 7491.77 7493.99 7495.81 7497.22 7498.23 7498.84 7499.04 7498.84 7498.23 7497.22 7495.81 7493.99 7491.77 7489.14 7486.09 7482.6 7478.65 
7475.66 7470.89 7465.59 7459.72 7453.2 7445.98 7438.08 7429.64 7421.2 7414.08 7410.79 7414.08 7421.2 7429.64 7438.08 7445.98 7453.2 7459.72 7465.59 7470.89 7475.66 7479.95 7483.79 7487.2 7490.2 7492.81 7495.01 7496.82 7498.23 7499.25 7499.85 7500.06 7499.85 7499.25 7498.23 7496.82 7495.01 7492.81 7490.2 7487.2 7483.79 7479.95 
7477.6 7473.1 7468.19 7462.84 7457.08 7450.92 7444.5 7438.08 7432.19 7427.75 7425.99 7427.75 7432.19 7438.08 7444.5 7450.92 7457.08 7462.84 7468.19 7473.1 7477.6 7481.7 7485.4 7488.73 7491.67 7494.24 7496.43 7498.23 7499.65 7500.66 7501.27 7501.47 7501.27 7500.66 7499.65 7498.23 7496.43 7494.24 7491.67 7488.73 7485.4 7481.7 
7479.94 7475.73 7471.21 7466.4 7461.34 7456.13 7450.92 7445.98 7441.73 7438.75 7437.65 7438.75 7441.73 7445.98 7450.92 7456.13 7461.34 7466.4 7471.21 7475.73 7479.94 7483.83 7487.4 7490.63 7493.52 7496.06 7498.23 7500.04 7501.46 7502.48 7503.09 7503.3 7503.09 7502.48 7501.46 7500.04 7498.23 7496.06 7493.52 7490.63 7487.4 7483.83 
7482.6 7478.66 7474.51 7470.19 7465.77 7461.34 7457.08 7453.2 7450.01 7447.87 7447.11 7447.87 7450.01 7453.2 7457.08 7461.34 7465.77 7470.19 7474.51 7478.66 7482.6 7486.3 7489.73 7492.87 7495.72 7498.23 7500.41 7502.23 7503.66 7504.7 7505.33 7505.54 7505.33 7504.7 7503.66 7502.23 7500.41 7498.23 7495.72 7492.87 7489.73 7486.3 
7485.51 7481.81 7477.99 7474.09 7470.19 7466.4 7462.84 7459.72 7457.23 7455.61 7455.05 7455.61 7457.23 7459.72 7462.84 7466.4 7470.19 7474.09 7477.99 7481.81 7485.51 7489.03 7492.34 7495.42 7498.23 7500.75 7502.95 7504.8 7506.27 7507.33 7507.98 7508.2 7507.98 7507.33 7506.27 7504.8 7502.95 7500.75 7498.23 7495.42 7492.34 7489.03 
7488.58 7485.09 7481.54 7477.99 7474.51 7471.21 7468.19 7465.59 7463.58 7462.3 7461.86 7462.3 7463.58 7465.59 7468.19 7471.21 7474.51 7477.99 7481.54 7485.09 7488.58 7491.96 7495.19 7498.23 7501.05 7503.6 7505.84 7507.74 7509.27 7510.39 7511.07 7511.3 7511.07 7510.39 7509.27 7507.74 7505.84 7503.6 7501.05 7498.23 7495.19 7491.96 
7491.76 7488.43 7485.09 7481.81 7478.66 7475.73 7473.1 7470.89 7469.21 7468.15 7467.79 7468.15 7469.21 7470.89 7473.1 7475.73 7478.66 7481.81 7485.09 7488.43 7491.76 7495.05 7498.23 7501.28 7504.13 7506.74 7509.07 7511.07 7512.69 7513.88 7514.61 7514.85 7514.61 7513.88 7512.69 7511.07 7509.07 7506.74 7504.13 7501.28 7498.23 7495.05 
7495 7491.76 7488.58 7485.51 7482.6 7479.94 7477.6 7475.66 7474.2 7473.3 7472.99 7473.3 7474.2 7475.66 7477.6 7479.94 7482.6 7485.51 7488.58 7491.76 7495 7498.23 7501.42 7504.51 7507.44 7510.18 7512.64 7514.78 7516.53 7517.83 7518.63 7518.9 7518.63 7517.83 7516.53 7514.78 7512.64 7510.18 7507.44 7504.51 7501.42 7498.23 
7498.23 7495.05 7491.96 7489.03 7486.3 7483.83 7481.7 7479.95 7478.65 7477.85 7477.58 7477.85 7478.65 7479.95 7481.7 7483.83 7486.3 7489.03 7491.96 7495.05 7498.23 7501.47 7504.71 7507.89 7510.97 7513.87 7516.54 7518.88 7520.82 7522.28 7523.19 7523.5 7523.19 7522.28 7520.82 7518.88 7516.54 7513.87 7510.97 7507.89 7504.71 7501.47 
7501.42 7498.23 7495.19 7492.34 7489.73 7487.4 7485.4 7483.79 7482.6 7481.87 7481.62 7481.87 7482.6 7483.79 7485.4 7487.4 7489.73 7492.34 7495.19 7498.23 7501.42 7504.71 7508.05 7511.38 7514.66 7517.82 7520.75 7523.38 7525.6 7527.29 7528.35 7528.71 7528.35 7527.29 7525.6 7523.38 7520.75 7517.82 7514.66 7511.38 7508.05 7504.71 
7504.51 7501.28 7498.23 7495.42 7492.87 7490.63 7488.73 7487.2 7486.09 7485.4 7485.18 7485.4 7486.09 7487.2 7488.73 7490.63 7492.87 7495.42 7498.23 7501.28 7504.51 7507.89 7511.38 7514.94 7518.49 7521.97 7525.28 7528.31 7530.9 7532.92 7534.2 7534.65 7534.2 7532.92 7530.9 7528.31 7525.28 7521.97 7518.49 7514.94 7511.38 7507.89 
7507.44 7504.13 7501.05 7498.23 7495.72 7493.52 7491.67 7490.2 7489.14 7488.49 7488.27 7488.49 7489.14 7490.2 7491.67 7493.52 7495.72 7498.23 7501.05 7504.13 7507.44 7510.97 7514.66 7518.49 7522.39 7526.3 7530.1 7533.66 7536.8 7539.29 7540.91 7541.47 7540.91 7539.29 7536.8 7533.66 7530.1 7526.3 7522.39 7518.49 7514.66 7510.97 
7510.18 7506.74 7503.6 7500.75 7498.23 7496.06 7494.24 7492.81 7491.77 7491.14 7490.93 7491.14 7491.77 7492.81 7494.24 7496.06 7498.23 7500.75 7503.6 7506.74 7510.18 7513.87 7517.82 7521.97 7526.3 7530.73 7535.16 7539.44 7543.33 7546.53 7548.67 7549.43 7548.67 7546.53 7543.33 7539.44 7535.16 7530.73 7526.3 7521.97 7517.82 7513.87 
7512.64 7509.07 7505.84 7502.95 7500.41 7498.23 7496.43 7495.01 7493.99 7493.38 7493.17 7493.38 7493.99 7495.01 7496.43 7498.23 7500.41 7502.95 7505.84 7509.07 7512.64 7516.54 7520.75 7525.28 7530.1 7535.16 7540.39 7545.61 7550.56 7554.83 7557.82 7558.93 7557.82 7554.83 7550.56 7545.61 7540.39 7535.16 7530.1 7525.28 7520.75 7516.54 
7514.78 7511.07 7507.74 7504.8 7502.23 7500.04 7498.23 7496.82 7495.81 7495.2 7494.99 7495.2 7495.81 7496.82 7498.23 7500.04 7502.23 7504.8 7507.74 7511.07 7514.78 7518.88 7523.38 7528.31 7533.66 7539.44 7545.61 7552.05 7558.49 7564.4 7568.86 7570.63 7568.86 7564.4 7558.49 7552.05 7545.61 7539.44 7533.66 7528.31 7523.38 7518.88 
7516.53 7512.69 7509.27 7506.27 7503.66 7501.46 7499.65 7498.23 7497.22 7496.62 7496.41 7496.62 7497.22 7498.23 7499.65 7501.46 7503.66 7506.27 7509.27 7512.69 7516.53 7520.82 7525.6 7530.9 7536.8 7543.33 7550.56 7558.49 7566.97 7575.44 7582.59 7585.9 7582.59 7575.44 7566.97 7558.49 7550.56 7543.33 7536.8 7530.9 7525.6 7520.82 
7517.83 7513.88 7510.39 7507.33 7504.7 7502.48 7500.66 7499.25 7498.23 7497.63 7497.42 7497.63 7498.23 7499.25 7500.66 7502.48 7504.7 7507.33 7510.39 7513.88 7517.83 7522.28 7527.29 7532.92 7539.29 7546.53 7554.83 7564.4 7575.44 7587.81 7600.18 7607.79 7600.18 7587.81 7575.44 7564.4 7554.83 7546.53 7539.29 7532.92 7527.29 7522.28 
7518.63 7514.61 7511.07 7507.98 7505.33 7503.09 7501.27 7499.85 7498.84 7498.23 7498.03 7498.23 7498.84 7499.85 7501.27 7503.09 7505.33 7507.98 7511.07 7514.61 7518.63 7523.19 7528.35 7534.2 7540.91 7548.67 7557.82 7568.86 7582.59 7600.18 7622.55 7644.93 7622.55 7600.18 7582.59 7568.86 7557.82 7548.67 7540.91 7534.2 7528.35 7523.19 
7518.9 7514.85 7511.3 7508.2 7505.54 7503.3 7501.47 7500.06 7499.04 7498.44 7498.23 7498.44 7499.04 7500.06 7501.47 7503.3 7505.54 7508.2 7511.3 7514.85 7518.9 7523.5 7528.71 7534.65 7541.47 7549.43 7558.93 7570.63 7585.9 7607.79 7644.93 7727.01 7644.93 7607.79 7585.9 7570.63 7558.93 7549.43 7541.47 7534.65 7528.71 7523.5 
7518.63 7514.61 7511.07 7507.98 7505.33 7503.09 7501.27 7499.85 7498.84 7498.23 7498.03 7498.23 7498.84 7499.85 7501.27 7503.09 7505.33 7507.98 7511.07 7514.61 7518.63 7523.19 7528.35 7534.2 7540.91 7548.67 7557.82 7568.86 7582.59 7600.18 7622.55 7644.93 7622.55 7600.18 7582.59 7568.86 7557.82 7548.67 7540.91 7534.2 7528.35 7523.19 
7517.83 7513.88 7510.39 7507.33 7504.7 7502.48 7500.66 7499.25 7498.23 7497.63 7497.42 7497.63 7498.23 7499.25 7500.66 7502.48 7504.7 7507.33 7510.39 7513.88 7517.83 7522.28 7527.29 7532.92 7539.29 7546.53 7554.83 7564.4 7575.44 7587.81 7600.18 7607.79 7600.18 7587.81 7575.44 7564.4 7554.83 7546.53 7539.29 7532.92 7527.29 7522.28 
7516.53 7512.69 7509.27 7506.27 7503.66 7501.46 7499.65 7498.23 7497.22 7496.62 7496.41 7496.62 7497.22 7498.23 7499.65 7501.46 7503.66 7506.27 7509.27 7512.69 7516.53 7520.82 7525.6 7530.9 7536.8 7543.33 7550.56 7558.49 7566.97 7575.44 7582.59 7585.9 7582.59 7575.44 7566.97 7558.49 7550.56 7543.33 7536.8 7530.9 7525.6 7520.82 
7514.78 7511.07 7507.74 7504.8 7502.23 7500.04 7498.23 7496.82 7495.81 7495.2 7494.99 7495.2 7495.81 7496.82 7498.23 7500.04 7502.23 7504.8 7507.74 7511.07 7514.78 7518.88 7523.38 7528.31 7533.66 7539.44 7545.61 7552.05 7558.49 7564.4 7568.86 7570.63 7568.86 7564.4 7558.49 7552.05 7545.61 7539.44 7533.66 7528.31 7523.38 7518.88 
7512.64 7509.07 7505.84 7502.95 7500.41 7498.23 7496.43 7495.01 7493.99 7493.38 7493.17 7493.38 7493.99 7495.01 7496.43 7498.23 7500.41 7502.95 7505.84 7509.07 7512.64 7516.54 7520.75 7525.28 7530.1 7535.16 7540.39 7545.61 7550.56 7554.83 7557.82 7558.93 7557.82 7554.83 7550.56 7545.61 7540.39 7535.16 7530.1 7525.28 7520.75 7516.54 
7510.18 7506.74 7503.6 7500.75 7498.23 7496.06 7494.24 7492.81 7491.77 7491.14 7490.93 7491.14 7491.77 7492.81 7494.24 7496.06 7498.23 7500.75 7503.6 7506.74 7510.18 7513.87 7517.82 7521.97 7526.3 7530.73 7535.16 7539.44 7543.33 7546.53 7548.67 7549.43 7548.67 7546.53 7543.33 7539.44 7535.16 7530.73 7526.3 7521.97 7517.82 7513.87 
7507.44 7504.13 7501.05 7498.23 7495.72 7493.52 7491.67 7490.2 7489.14 7488.49 7488.27 7488.49 7489.14 7490.2 7491.67 7493.52 7495.72 7498.23 7501.05 7504.13 7507.44 7510.97 7514.66 7518.49 7522.39 7526.3 7530.1 7533.66 7536.8 7539.29 7540.91 7541.47 7540.91 7539.29 7536.8 7533.66 7530.1 7526.3 7522.39 7518.49 7514.66 7510.97 
7504.51 7501.28 7498.23 7495.42 7492.87 7490.63 7488.73 7487.2 7486.09 7485.4 7485.18 7485.4 7486.09 7487.2 7488.73 7490.63 7492.87 7495.42 7498.23 7501.28 7504.51 7507.89 7511.38 7514.94 7518.49 7521.97 7525.28 7528.31 7530.9 7532.92 7534.2 7534.65 7534.2 7532.92 7530.9 7528.31 7525.28 7521.97 7518.49 7514.94 7511.38 7507.89 
7501.42 7498.23 7495.19 7492.34 7489.73 7487.4 7485.4 7483.79 7482.6 7481.87 7481.62 7481.87 7482.6 7483.79 7485.4 7487.4 7489.73 7492.34 7495.19 7498.23 7501.42 7504.71 7508.05 7511.38 7514.66 7517.82 7520.75 7523.38 7525.6 7527.29 7528.35 7528.71 7528.35 7527.29 7525.6 7523.38 7520.75 7517.82 7514.66 7511.38 7508.05 7504.71 
7498.23 7495.05 7491.96 7489.03 7486.3 7483.83 7481.7 7479.95 7478.65 7477.85 7477.58 7477.85 7478.65 7479.95 7481.7 7483.83 7486.3 7489.03 7491.96 7495.05 7498.23 7501.47 7504.71 7507.89 7510.97 7513.87 7516.54 7518.88 7520.82 7522.28 7523.19 7523.5 7523.19 7522.28 7520.82 7518.88 7516.54 7513.87 7510.97 7507.89 7504.71 7501.47 
