7495.04 7491.85 7488.71 7485.67 7482.8 7480.17 7477.86 7475.94 7474.5 7473.6 7473.3 7473.6 7474.5 7475.94 7477.86 7480.17 7482.8 7485.67 7488.71 7491.85 7495.04 7498.23 7501.38 7504.43 7507.32 7510.02 7512.45 7514.57 7516.29 7517.58 7518.37 7518.64 7518.37 7517.58 7516.29 7514.57 7512.45 7510.02 7507.32 7504.43 7501.38 7498.23 
7491.85 7488.55 7485.26 7482.02 7478.91 7476 7473.4 7471.21 7469.54 7468.49 7468.14 7468.49 7469.54 7471.21 7473.4 7476 7478.91 7482.02 7485.26 7488.55 7491.85 7495.09 7498.23 7501.24 7504.05 7506.63 7508.93 7510.9 7512.49 7513.67 7514.39 7514.63 7514.39 7513.67 7512.49 7510.9 7508.93 7506.63 7504.05 7501.24 7498.23 7495.09 
7488.71 7485.26 7481.75 7478.24 7474.79 7471.52 7468.53 7465.96 7463.96 7462.69 7462.25 7462.69 7463.96 7465.96 7468.53 7471.52 7474.79 7478.24 7481.75 7485.26 7488.71 7492.05 7495.23 7498.23 7501.01 7503.52 7505.74 7507.61 7509.12 7510.22 7510.89 7511.12 7510.89 7510.22 7509.12 7507.61 7505.74 7503.52 7501.01 7498.23 7495.23 7492.05 
7485.67 7482.02 7478.24 7474.38 7470.51 7466.75 7463.22 7460.12 7457.64 7456.04 7455.48 7456.04 7457.64 7460.12 7463.22 7466.75 7470.51 7474.38 7478.24 7482.02 7485.67 7489.15 7492.42 7495.46 7498.23 7500.72 7502.88 7504.7 7506.15 7507.2 7507.84 7508.06 7507.84 7507.2 7506.15 7504.7 7502.88 7500.72 7498.23 7495.46 7492.42 7489.15 
7482.8 7478.91 7474.79 7470.51 7466.12 7461.73 7457.49 7453.63 7450.46 7448.33 7447.57 7448.33 7450.46 7453.63 7457.49 7461.73 7466.12 7470.51 7474.79 7478.91 7482.8 7486.45 7489.84 7492.95 7495.75 7498.23 7500.38 7502.17 7503.58 7504.61 7505.23 7505.43 7505.23 7504.61 7503.58 7502.17 7500.38 7498.23 7495.75 7492.95 7489.84 7486.45 
7480.17 7476 7471.52 7466.75 7461.73 7456.55 7451.37 7446.45 7442.21 7439.24 7438.14 7439.24 7442.21 7446.45 7451.37 7456.55 7461.73 7466.75 7471.52 7476 7480.17 7484.02 7487.54 7490.73 7493.59 7496.09 7498.23 7500.01 7501.41 7502.41 7503.02 7503.22 7503.02 7502.41 7501.41 7500.01 7498.23 7496.09 7493.59 7490.73 7487.54 7484.02 
7477.86 7473.4 7468.53 7463.22 7457.49 7451.37 7444.97 7438.57 7432.7 7428.27 7426.51 7428.27 7432.7 7438.57 7444.97 7451.37 7457.49 7463.22 7468.53 7473.4 7477.86 7481.91 7485.57 7488.86 7491.77 7494.3 7496.46 7498.24 7499.63 7500.62 7501.22 7501.43 7501.22 7500.62 7499.63 7498.24 7496.46 7494.3 7491.77 7488.86 7485.57 7481.91 
7475.94 7471.21 7465.96 7460.12 7453.63 7446.45 7438.57 7430.15 7421.73 7414.62 7411.33 7414.62 7421.73 7430.15 7438.57 7446.45 7453.63 7460.12 7465.96 7471.21 7475.94 7480.18 7483.98 7487.35 7490.32 7492.89 7495.06 7496.84 7498.24 7499.23 7499.83 7500.03 7499.83 7499.23 7498.24 7496.84 7495.06 7492.89 7490.32 7487.35 7483.98 7480.18 
7474.5 7469.54 7463.96 7457.64 7450.46 7442.21 7432.7 7421.73 7409.44 7397.14 7389.58 7397.14 7409.44 7421.73 7432.7 7442.21 7450.46 7457.64 7463.96 7469.54 7474.5 7478.9 7482.81 7486.25 7489.27 7491.86 7494.06 7495.85 7497.24 7498.24 7498.83 7499.03 7498.83 7498.24 7497.24 7495.85 7494.06 7491.86 7489.27 7486.25 7482.81 7478.9 
7473.6 7468.49 7462.69 7456.04 7448.33 7439.24 7428.27 7414.62 7397.14 7374.93 7352.72 7374.93 7397.14 7414.62 7428.27 7439.24 7448.33 7456.04 7462.69 7468.49 7473.6 7478.11 7482.09 7485.58 7488.63 7491.25 7493.45 7495.25 7496.64 7497.64 7498.24 7498.43 7498.24 7497.64 7496.64 7495.25 7493.45 7491.25 7488.63 7485.58 7482.09 7478.11 
7473.3 7468.14 7462.25 7455.48 7447.57 7438.14 7426.51 7411.33 7389.58 7352.72 7271.54 7352.72 7389.58 7411.33 7426.51 7438.14 7447.57 7455.48 7462.25 7468.14 7473.3 7477.84 7481.85 7485.36 7488.41 7491.04 7493.25 7495.05 7496.44 7497.44 7498.04 7498.24 7498.04 7497.44 7496.44 7495.05 7493.25 7491.04 7488.41 7485.36 7481.85 7477.84 
7473.6 7468.49 7462.69 7456.04 7448.33 7439.24 7428.27 7414.62 7397.14 7374.93 7352.72 7374.93 7397.14 7414.62 7428.27 7439.24 7448.33 7456.04 7462.69 7468.49 7473.6 7478.11 7482.09 7485.58 7488.63 7491.25 7493.45 7495.25 7496.64 7497.64 7498.24 7498.43 7498.24 7497.64 7496.64 7495.25 7493.45 7491.25 7488.63 7485.58 7482.09 7478.11 
7474.5 7469.54 7463.96 7457.64 7450.46 7442.21 7432.7 7421.73 7409.44 7397.14 7389.58 7397.14 7409.44 7421.73 7432.7 7442.21 7450.46 7457.64 7463.96 7469.54 7474.5 7478.9 7482.81 7486.25 7489.27 7491.86 7494.06 7495.85 7497.24 7498.24 7498.83 7499.03 7498.83 7498.24 7497.24 7495.85 7494.06 7491.86 7489.27 7486.25 7482.81 7478.9 
7475.94 7471.21 7465.96 7460.12 7453.63 7446.45 7438.57 7430.15 7421.73 7414.62 7411.33 7414.62 7421.73 7430.15 7438.57 7446.45 7453.63 7460.12 7465.96 7471.21 7475.94 7480.18 7483.98 7487.35 7490.32 7492.89 7495.06 7496.84 7498.24 7499.23 7499.83 7500.03 7499.83 7499.23 7498.24 7496.84 7495.06 7492.89 7490.32 7487.35 7483.98 7480.18 
7477.86 7473.4 7468.53 7463.22 7457.49 7451.37 7444.97 7438.57 7432.7 7428.27 7426.51 7428.27 7432.7 7438.57 7444.97 7451.37 7457.49 7463.22 7468.53 7473.4 7477.86 7481.91 7485.57 7488.86 7491.77 7494.3 7496.46 7498.24 7499.63 7500.62 7501.22 7501.43 7501.22 7500.62 7499.63 7498.24 7496.46 7494.3 7491.77 7488.86 7485.57 7481.91 
7480.17 7476 7471.52 7466.75 7461.73 7456.55 7451.37 7446.45 7442.21 7439.24 7438.14 7439.24 7442.21 7446.45 7451.37 7456.55 7461.73 7466.75 7471.52 7476 7480.17 7484.02 7487.54 7490.73 7493.59 7496.09 7498.23 7500.01 7501.41 7502.41 7503.02 7503.22 7503.02 7502.41 7501.41 7500.01 7498.23 7496.09 7493.59 7490.73 7487.54 7484.02 
7482.8 7478.91 7474.79 7470.51 7466.12 7461.73 7457.49 7453.63 7450.46 7448.33 7447.57 7448.33 7450.46 7453.63 7457.49 7461.73 7466.12 7470.51 7474.79 7478.91 7482.8 7486.45 7489.84 7492.95 7495.75 7498.23 7500.38 7502.17 7503.58 7504.61 7505.23 7505.43 7505.23 7504.61 7503.58 7502.17 7500.38 7498.23 7495.75 7492.95 7489.84 7486.45 
7485.67 7482.02 7478.24 7474.38 7470.51 7466.75 7463.22 7460.12 7457.64 7456.04 7455.48 7456.04 7457.64 7460.12 7463.22 7466.75 7470.51 7474.38 7478.24 7482.02 7485.67 7489.15 7492.42 7495.46 7498.23 7500.72 7502.88 7504.7 7506.15 7507.2 7507.84 7508.06 7507.84 7507.2 7506.15 7504.7 7502.88 7500.72 7498.23 7495.46 7492.42 7489.15 
7488.71 7485.26 7481.75 7478.24 7474.79 7471.52 7468.53 7465.96 7463.96 7462.69 7462.25 7462.69 7463.96 7465.96 7468.53 7471.52 7474.79 7478.24 7481.75 7485.26 7488.71 7492.05 7495.23 7498.23 7501.01 7503.52 7505.74 7507.61 7509.12 7510.22 7510.89 7511.12 7510.89 7510.22 7509.12 7507.61 7505.74 7503.52 7501.01 7498.23 7495.23 7492.05 
7491.85 7488.55 7485.26 7482.02 7478.91 7476 7473.4 7471.21 7469.54 7468.49 7468.14 7468.49 7469.54 7471.21 7473.4 7476 7478.91 7482.02 7485.26 7488.55 7491.85 7495.09 7498.23 7501.24 7504.05 7506.63 7508.93 7510.9 7512.49 7513.67 7514.39 7514.63 7514.39 7513.67 7512.49 7510.9 7508.93 7506.63 7504.05 7501.24 7498.23 7495.09 
7495.04 7491.85 7488.71 7485.67 7482.8 7480.17 7477.86 7475.94 7474.5 7473.6 7473.3 7473.6 7474.5 7475.94 7477.86 7480.17 7482.8 7485.67 7488.71 7491.85 7495.04 7498.23 7501.38 7504.43 7507.32 7510.02 7512.45 7514.57 7516.29 7517.58 7518.37 7518.64 7518.37 7517.58 7516.29 7514.57 7512.45 7510.02 7507.32 7504.43 7501.38 7498.23 
7498.23 7495.09 7492.05 7489.15 7486.45 7484.02 7481.91 7480.18 7478.9 7478.11 7477.84 7478.11 7478.9 7480.18 7481.91 7484.02 7486.45 7489.15 7492.05 7495.09 7498.23 7501.43 7504.62 7507.77 7510.8 7513.67 7516.31 7518.62 7520.54 7521.99 7522.88 7523.19 7522.88 7521.99 7520.54 7518.62 7516.31 7513.67 7510.8 7507.77 7504.62 7501.43 
7501.38 7498.23 7495.23 7492.42 7489.84 7487.54 7485.57 7483.98 7482.81 7482.09 7481.85 7482.09 7482.81 7483.98 7485.57 7487.54 7489.84 7492.42 7495.23 7498.23 7501.38 7504.62 7507.92 7511.22 7514.46 7517.57 7520.48 7523.09 7525.28 7526.95 7528 7528.36 7528 7526.95 7525.28 7523.09 7520.48 7517.57 7514.46 7511.22 7507.92 7504.62 
7504.43 7501.24 7498.23 7495.46 7492.95 7490.73 7488.86 7487.35 7486.25 7485.58 7485.36 7485.58 7486.25 7487.35 7488.86 7490.73 7492.95 7495.46 7498.23 7501.24 7504.43 7507.77 7511.22 7514.73 7518.25 7521.69 7524.97 7527.97 7530.54 7532.54 7533.82 7534.26 7533.82 7532.54 7530.54 7527.97 7524.97 7521.69 7518.25 7514.73 7511.22 7507.77 
7507.32 7504.05 7501.01 7498.23 7495.75 7493.59 7491.77 7490.32 7489.27 7488.63 7488.41 7488.63 7489.27 7490.32 7491.77 7493.59 7495.75 7498.23 7501.01 7504.05 7507.32 7510.8 7514.46 7518.25 7522.11 7525.98 7529.75 7533.28 7536.39 7538.87 7540.48 7541.05 7540.48 7538.87 7536.39 7533.28 7529.75 7525.98 7522.11 7518.25 7514.46 7510.8 
7510.02 7506.63 7503.52 7500.72 7498.23 7496.09 7494.3 7492.89 7491.86 7491.25 7491.04 7491.25 7491.86 7492.89 7494.3 7496.09 7498.23 7500.72 7503.52 7506.63 7510.02 7513.67 7517.57 7521.69 7525.98 7530.37 7534.78 7539.03 7542.9 7546.08 7548.21 7548.97 7548.21 7546.08 7542.9 7539.03 7534.78 7530.37 7525.98 7521.69 7517.57 7513.67 
7512.45 7508.93 7505.74 7502.88 7500.38 7498.23 7496.46 7495.06 7494.06 7493.45 7493.25 7493.45 7494.06 7495.06 7496.46 7498.23 7500.38 7502.88 7505.74 7508.93 7512.45 7516.31 7520.48 7524.97 7529.75 7534.78 7539.97 7545.16 7550.1 7554.35 7557.33 7558.43 7557.33 7554.35 7550.1 7545.16 7539.97 7534.78 7529.75 7524.97 7520.48 7516.31 
7514.57 7510.9 7507.61 7504.7 7502.17 7500.01 7498.24 7496.84 7495.85 7495.25 7495.05 7495.25 7495.85 7496.84 7498.24 7500.01 7502.17 7504.7 7507.61 7510.9 7514.57 7518.62 7523.09 7527.97 7533.28 7539.03 7545.16 7551.58 7558 7563.89 7568.34 7570.11 7568.34 7563.89 7558 7551.58 7545.16 7539.03 7533.28 7527.97 7523.09 7518.62 
7516.29 7512.49 7509.12 7506.15 7503.58 7501.41 7499.63 7498.24 7497.24 7496.64 7496.44 7496.64 7497.24 7498.24 7499.63 7501.41 7503.58 7506.15 7509.12 7512.49 7516.29 7520.54 7525.28 7530.54 7536.39 7542.9 7550.1 7558 7566.45 7574.91 7582.05 7585.35 7582.05 7574.91 7566.45 7558 7550.1 7542.9 7536.39 7530.54 7525.28 7520.54 
7517.58 7513.67 7510.22 7507.2 7504.61 7502.41 7500.62 7499.23 7498.24 7497.64 7497.44 7497.64 7498.24 7499.23 7500.62 7502.41 7504.61 7507.2 7510.22 7513.67 7517.58 7521.99 7526.95 7532.54 7538.87 7546.08 7554.35 7563.89 7574.91 7587.26 7599.62 7607.23 7599.62 7587.26 7574.91 7563.89 7554.35 7546.08 7538.87 7532.54 7526.95 7521.99 
7518.37 7514.39 7510.89 7507.84 7505.23 7503.02 7501.22 7499.83 7498.83 7498.24 7498.04 7498.24 7498.83 7499.83 7501.22 7503.02 7505.23 7507.84 7510.89 7514.39 7518.37 7522.88 7528 7533.82 7540.48 7548.21 7557.33 7568.34 7582.05 7599.62 7621.98 7644.36 7621.98 7599.62 7582.05 7568.34 7557.33 7548.21 7540.48 7533.82 7528 7522.88 
7518.64 7514.63 7511.12 7508.06 7505.43 7503.22 7501.43 7500.03 7499.03 7498.43 7498.24 7498.43 7499.03 7500.03 7501.43 7503.22 7505.43 7508.06 7511.12 7514.63 7518.64 7523.19 7528.36 7534.26 7541.05 7548.97 7558.43 7570.11 7585.35 7607.23 7644.36 7726.43 7644.36 7607.23 7585.35 7570.11 7558.43 7548.97 7541.05 7534.26 7528.36 7523.19 
7518.37 7514.39 7510.89 7507.84 7505.23 7503.02 7501.22 7499.83 7498.83 7498.24 7498.04 7498.24 7498.83 7499.83 7501.22 7503.02 7505.23 7507.84 7510.89 7514.39 7518.37 7522.88 7528 7533.82 7540.48 7548.21 7557.33 7568.34 7582.05 7599.62 7621.98 7644.36 7621.98 7599.62 7582.05 7568.34 7557.33 7548.21 7540.48 7533.82 7528 7522.88 
7517.58 7513.67 7510.22 7507.2 7504.61 7502.41 7500.62 7499.23 7498.24 7497.64 7497.44 7497.64 7498.24 7499.23 7500.62 7502.41 7504.61 7507.2 7510.22 7513.67 7517.58 7521.99 7526.95 7532.54 7538.87 7546.08 7554.35 7563.89 7574.91 7587.26 7599.62 7607.23 7599.62 7587.26 7574.91 7563.89 7554.35 7546.08 7538.87 7532.54 7526.95 7521.99 
7516.29 7512.49 7509.12 7506.15 7503.58 7501.41 7499.63 7498.24 7497.24 7496.64 7496.44 7496.64 7497.24 7498.24 7499.63 7501.41 7503.58 7506.15 7509.12 7512.49 7516.29 7520.54 7525.28 7530.54 7536.39 7542.9 7550.1 7558 7566.45 7574.91 7582.05 7585.35 7582.05 7574.91 7566.45 7558 7550.1 7542.9 7536.39 7530.54 7525.28 7520.54 
7514.57 7510.9 7507.61 7504.7 7502.17 7500.01 7498.24 7496.84 7495.85 7495.25 7495.05 7495.25 7495.85 7496.84 7498.24 7500.01 7502.17 7504.7 7507.61 7510.9 7514.57 7518.62 7523.09 7527.97 7533.28 7539.03 7545.16 7551.58 7558 7563.89 7568.34 7570.11 7568.34 7563.89 7558 7551.58 7545.16 7539.03 7533.28 7527.97 7523.09 7518.62 
7512.45 7508.93 7505.74 7502.88 7500.38 7498.23 7496.46 7495.06 7494.06 7493.45 7493.25 7493.45 7494.06 7495.06 7496.46 7498.23 7500.38 7502.88 7505.74 7508.93 7512.45 7516.31 7520.48 7524.97 7529.75 7534.78 7539.97 7545.16 7550.1 7554.35 7557.33 7558.43 7557.33 7554.35 7550.1 7545.16 7539.97 7534.78 7529.75 7524.97 7520.48 7516.31 
7510.02 7506.63 7503.52 7500.72 7498.23 7496.09 7494.3 7492.89 7491.86 7491.25 7491.04 7491.25 7491.86 7492.89 7494.3 7496.09 7498.23 7500.72 7503.52 7506.63 7510.02 7513.67 7517.57 7521.69 7525.98 7530.37 7534.78 7539.03 7542.9 7546.08 7548.21 7548.97 7548.21 7546.08 7542.9 7539.03 7534.78 7530.37 7525.98 7521.69 7517.57 7513.67 
7507.32 7504.05 7501.01 7498.23 7495.75 7493.59 7491.77 7490.32 7489.27 7488.63 7488.41 7488.63 7489.27 7490.32 7491.77 7493.59 7495.75 7498.23 7501.01 7504.05 7507.32 7510.8 7514.46 7518.25 7522.11 7525.98 7529.75 7533.28 7536.39 7538.87 7540.48 7541.05 7540.48 7538.87 7536.39 7533.28 7529.75 7525.98 7522.11 7518.25 7514.46 7510.8 
7504.43 7501.24 7498.23 7495.46 7492.95 7490.73 7488.86 7487.35 7486.25 7485.58 7485.36 7485.58 7486.25 7487.35 7488.86 7490.73 7492.95 7495.46 7498.23 7501.24 7504.43 7507.77 7511.22 7514.73 7518.25 7521.69 7524.97 7527.97 7530.54 7532.54 7533.82 7534.26 7533.82 7532.54 7530.54 7527.97 7524.97 7521.69 7518.25 7514.73 7511.22 7507.77 
7501.38 7498.23 7495.23 7492.42 7489.84 7487.54 7485.57 7483.98 7482.81 7482.09 7481.85 7482.09 7482.81 7483.98 7485.57 7487.54 7489.84 7492.42 7495.23 7498.23 7501.38 7504.62 7507.92 7511.22 7514.46 7517.57 7520.48 7523.09 7525.28 7526.95 7528 7528.36 7528 7526.95 7525.28 7523.09 7520.48 7517.57 7514.46 7511.22 7507.92 7504.62 
7498.23 7495.09 7492.05 7489.15 7486.45 7484.02 7481.91 7480.18 7478.9 7478.11 7477.84 7478.11 7478.9 7480.18 7481.91 7484.02 7486.45 7489.15 7492.05 7495.09 7498.23 7501.43 7504.62 7507.77 7510.8 7513.67 7516.31 7518.62 7520.54 7521.99 7522.88 7523.19 7522.88 7521.99 7520.54 7518.62 7516.31 7513.67 7510.8 7507.77 7504.62 7501.43 
