7495 7491.76 7488.57 7485.5 7482.59 7479.93 7477.59 7475.65 7474.19 7473.28 7472.98 7473.28 7474.19 7475.65 7477.59 7479.93 7482.59 7485.5 7488.57 7491.76 7495 7498.23 7501.42 7504.51 7507.45 7510.18 7512.65 7514.79 7516.54 7517.84 7518.64 7518.92 7518.64 7517.84 7516.54 7514.79 7512.65 7510.18 7507.45 7504.51 7501.42 7498.23 
7491.76 7488.42 7485.08 7481.8 7478.65 7475.71 7473.09 7470.88 7469.19 7468.13 7467.77 7468.13 7469.19 7470.88 7473.09 7475.71 7478.65 7481.8 7485.08 7488.42 7491.76 7495.05 7498.23 7501.28 7504.13 7506.75 7509.08 7511.08 7512.7 7513.89 7514.62 7514.86 7514.62 7513.89 7512.7 7511.08 7509.08 7506.75 7504.13 7501.28 7498.23 7495.05 
7488.57 7485.08 7481.53 7477.98 7474.5 7471.19 7468.17 7465.58 7463.56 7462.28 7461.84 7462.28 7463.56 7465.58 7468.17 7471.19 7474.5 7477.98 7481.53 7485.08 7488.57 7491.96 7495.19 7498.23 7501.05 7503.6 7505.85 7507.75 7509.28 7510.4 7511.08 7511.31 7511.08 7510.4 7509.28 7507.75 7505.85 7503.6 7501.05 7498.23 7495.19 7491.96 
7485.5 7481.8 7477.98 7474.08 7470.18 7466.38 7462.83 7459.7 7457.21 7455.59 7455.03 7455.59 7457.21 7459.7 7462.83 7466.38 7470.18 7474.08 7477.98 7481.8 7485.5 7489.02 7492.34 7495.42 7498.23 7500.76 7502.95 7504.8 7506.27 7507.34 7507.99 7508.21 7507.99 7507.34 7506.27 7504.8 7502.95 7500.76 7498.23 7495.42 7492.34 7489.02 
7482.59 7478.65 7474.5 7470.18 7465.75 7461.32 7457.06 7453.17 7449.98 7447.85 7447.09 7447.85 7449.98 7453.17 7457.06 7461.32 7465.75 7470.18 7474.5 7478.65 7482.59 7486.29 7489.72 7492.87 7495.71 7498.23 7500.41 7502.23 7503.67 7504.71 7505.33 7505.54 7505.33 7504.71 7503.67 7502.23 7500.41 7498.23 7495.71 7492.87 7489.72 7486.29 
7479.93 7475.71 7471.19 7466.38 7461.32 7456.11 7450.9 7445.96 7441.71 7438.73 7437.62 7438.73 7441.71 7445.96 7450.9 7456.11 7461.32 7466.38 7471.19 7475.71 7479.93 7483.82 7487.39 7490.62 7493.52 7496.06 7498.23 7500.04 7501.46 7502.48 7503.1 7503.3 7503.1 7502.48 7501.46 7500.04 7498.23 7496.06 7493.52 7490.62 7487.39 7483.82 
7477.59 7473.09 7468.17 7462.83 7457.06 7450.9 7444.48 7438.05 7432.17 7427.73 7425.96 7427.73 7432.17 7438.05 7444.48 7450.9 7457.06 7462.83 7468.17 7473.09 7477.59 7481.69 7485.39 7488.72 7491.67 7494.24 7496.43 7498.23 7499.65 7500.66 7501.27 7501.48 7501.27 7500.66 7499.65 7498.23 7496.43 7494.24 7491.67 7488.72 7485.39 7481.69 
7475.65 7470.88 7465.58 7459.7 7453.17 7445.96 7438.05 7429.61 7421.17 7414.06 7410.77 7414.06 7421.17 7429.61 7438.05 7445.96 7453.17 7459.7 7465.58 7470.88 7475.65 7479.94 7483.78 7487.19 7490.2 7492.8 7495.01 7496.82 7498.23 7499.25 7499.85 7500.06 7499.85 7499.25 7498.23 7496.82 7495.01 7492.8 7490.2 7487.19 7483.78 7479.94 
7474.19 7469.19 7463.56 7457.21 7449.98 7441.71 7432.17 7421.17 7408.87 7396.56 7389 7396.56 7408.87 7421.17 7432.17 7441.71 7449.98 7457.21 7463.56 7469.19 7474.19 7478.64 7482.59 7486.08 7489.13 7491.76 7493.99 7495.81 7497.22 7498.23 7498.84 7499.04 7498.84 7498.23 7497.22 7495.81 7493.99 7491.76 7489.13 7486.08 7482.59 7478.64 
7473.28 7468.13 7462.28 7455.59 7447.85 7438.73 7427.73 7414.06 7396.56 7374.34 7352.13 7374.34 7396.56 7414.06 7427.73 7438.73 7447.85 7455.59 7462.28 7468.13 7473.28 7477.84 7481.86 7485.4 7488.48 7491.14 7493.37 7495.2 7496.61 7497.63 7498.23 7498.44 7498.23 7497.63 7496.61 7495.2 7493.37 7491.14 7488.48 7485.4 7481.86 7477.84 
7472.98 7467.77 7461.84 7455.03 7447.09 7437.62 7425.96 7410.77 7389 7352.13 7270.94 7352.13 7389 7410.77 7425.96 7437.62 7447.09 7455.03 7461.84 7467.77 7472.98 7477.56 7481.61 7485.17 7488.26 7490.93 7493.17 7494.99 7496.41 7497.42 7498.03 7498.23 7498.03 7497.42 7496.41 7494.99 7493.17 7490.93 7488.26 7485.17 7481.61 7477.56 
7473.28 7468.13 7462.28 7455.59 7447.85 7438.73 7427.73 7414.06 7396.56 7374.34 7352.13 7374.34 7396.56 7414.06 7427.73 7438.73 7447.85 7455.59 7462.28 7468.13 7473.28 7477.84 7481.86 7485.4 7488.48 7491.14 7493.37 7495.2 7496.61 7497.63 7498.23 7498.44 7498.23 7497.63 7496.61 7495.2 7493.37 7491.14 7488.48 7485.4 7481.86 7477.84 
7474.19 7469.19 7463.56 7457.21 7449.98 7441.71 7432.17 7421.17 7408.87 7396.56 7389 7396.56 7408.87 7421.17 7432.17 7441.71 7449.98 7457.21 7463.56 7469.19 7474.19 7478.64 7482.59 7486.08 7489.13 7491.76 7493.99 7495.81 7497.22 7498.23 7498.84 7499.04 7498.84 7498.23 7497.22 7495.81 7493.99 7491.76 7489.13 7486.08 7482.59 7478.64 
7475.65 7470.88 7465.58 7459.7 7453.17 7445.96 7438.05 7429.61 7421.17 7414.06 7410.77 7414.06 7421.17 7429.61 7438.05 7445.96 7453.17 7459.7 7465.58 7470.88 7475.65 7479.94 7483.78 7487.19 7490.2 7492.8 7495.01 7496.82 7498.23 7499.25 7499.85 7500.06 7499.85 7499.25 7498.23 7496.82 7495.01 7492.8 7490.2 7487.19 7483.78 7479.94 
7477.59 7473.09 7468.17 7462.83 7457.06 7450.9 7444.48 7438.05 7432.17 7427.73 7425.96 7427.73 7432.17 7438.05 7444.48 7450.9 7457.06 7462.83 7468.17 7473.09 7477.59 7481.69 7485.39 7488.72 7491.67 7494.24 7496.43 7498.23 7499.65 7500.66 7501.27 7501.48 7501.27 7500.66 7499.65 7498.23 7496.43 7494.24 7491.67 7488.72 7485.39 7481.69 
7479.93 7475.71 7471.19 7466.38 7461.32 7456.11 7450.9 7445.96 7441.71 7438.73 7437.62 7438.73 7441.71 7445.96 7450.9 7456.11 7461.32 7466.38 7471.19 7475.71 7479.93 7483.82 7487.39 7490.62 7493.52 7496.06 7498.23 7500.04 7501.46 7502.48 7503.1 7503.3 7503.1 7502.48 7501.46 7500.04 7498.23 7496.06 7493.52 7490.62 7487.39 7483.82 
7482.59 7478.65 7474.5 7470.18 7465.75 7461.32 7457.06 7453.17 7449.98 7447.85 7447.09 7447.85 7449.98 7453.17 7457.06 7461.32 7465.75 7470.18 7474.5 7478.65 7482.59 7486.29 7489.72 7492.87 7495.71 7498.23 7500.41 7502.23 7503.67 7504.71 7505.33 7505.54 7505.33 7504.71 7503.67 7502.23 7500.41 7498.23 7495.71 7492.87 7489.72 7486.29 
7485.5 7481.8 7477.98 7474.08 7470.18 7466.38 7462.83 7459.7 7457.21 7455.59 7455.03 7455.59 7457.21 7459.7 7462.83 7466.38 7470.18 7474.08 7477.98 7481.8 7485.5 7489.02 7492.34 7495.42 7498.23 7500.76 7502.95 7504.8 7506.27 7507.34 7507.99 7508.21 7507.99 7507.34 7506.27 7504.8 7502.95 7500.76 7498.23 7495.42 7492.34 7489.02 
7488.57 7485.08 7481.53 7477.98 7474.5 7471.19 7468.17 7465.58 7463.56 7462.28 7461.84 7462.28 7463.56 7465.58 7468.17 7471.19 7474.5 7477.98 7481.53 7485.08 7488.57 7491.96 7495.19 7498.23 7501.05 7503.6 7505.85 7507.75 7509.28 7510.4 7511.08 7511.31 7511.08 7510.4 7509.28 7507.75 7505.85 7503.6 7501.05 7498.23 7495.19 7491.96 
7491.76 7488.42 7485.08 7481.8 7478.65 7475.71 7473.09 7470.88 7469.19 7468.13 7467.77 7468.13 7469.19 7470.88 7473.09 7475.71 7478.65 7481.8 7485.08 7488.42 7491.76 7495.05 7498.23 7501.28 7504.13 7506.75 7509.08 7511.08 7512.7 7513.89 7514.62 7514.86 7514.62 7513.89 7512.7 7511.08 7509.08 7506.75 7504.13 7501.28 7498.23 7495.05 
7495 7491.76 7488.57 7485.5 7482.59 7479.93 7477.59 7475.65 7474.19 7473.28 7472.98 7473.28 7474.19 7475.65 7477.59 7479.93 7482.59 7485.5 7488.57 7491.76 7495 7498.23 7501.42 7504.51 7507.45 7510.18 7512.65 7514.79 7516.54 7517.84 7518.64 7518.92 7518.64 7517.84 7516.54 7514.79 7512.65 7510.18 7507.45 7504.51 7501.42 7498.23 
7498.23 7495.05 7491.96 7489.02 7486.29 7483.82 7481.69 7479.94 7478.64 7477.84 7477.56 7477.84 7478.64 7479.94 7481.69 7483.82 7486.29 7489.02 7491.96 7495.05 7498.23 7501.47 7504.71 7507.9 7510.98 7513.88 7516.55 7518.89 7520.84 7522.3 7523.2 7523.51 7523.2 7522.3 7520.84 7518.89 7516.55 7513.88 7510.98 7507.9 7504.71 7501.47 
7501.42 7498.23 7495.19 7492.34 7489.72 7487.39 7485.39 7483.78 7482.59 7481.86 7481.61 7481.86 7482.59 7483.78 7485.39 7487.39 7489.72 7492.34 7495.19 7498.23 7501.42 7504.71 7508.05 7511.39 7514.67 7517.83 7520.77 7523.4 7525.61 7527.3 7528.36 7528.73 7528.36 7527.3 7525.61 7523.4 7520.77 7517.83 7514.67 7511.39 7508.05 7504.71 
7504.51 7501.28 7498.23 7495.42 7492.87 7490.62 7488.72 7487.19 7486.08 7485.4 7485.17 7485.4 7486.08 7487.19 7488.72 7490.62 7492.87 7495.42 7498.23 7501.28 7504.51 7507.9 7511.39 7514.95 7518.5 7521.99 7525.3 7528.32 7530.92 7532.94 7534.22 7534.67 7534.22 7532.94 7530.92 7528.32 7525.3 7521.99 7518.5 7514.95 7511.39 7507.9 
7507.45 7504.13 7501.05 7498.23 7495.71 7493.52 7491.67 7490.2 7489.13 7488.48 7488.26 7488.48 7489.13 7490.2 7491.67 7493.52 7495.71 7498.23 7501.05 7504.13 7507.45 7510.98 7514.67 7518.5 7522.41 7526.31 7530.12 7533.68 7536.82 7539.31 7540.93 7541.5 7540.93 7539.31 7536.82 7533.68 7530.12 7526.31 7522.41 7518.5 7514.67 7510.98 
7510.18 7506.75 7503.6 7500.76 7498.23 7496.06 7494.24 7492.8 7491.76 7491.14 7490.93 7491.14 7491.76 7492.8 7494.24 7496.06 7498.23 7500.76 7503.6 7506.75 7510.18 7513.88 7517.83 7521.99 7526.31 7530.75 7535.18 7539.46 7543.35 7546.55 7548.7 7549.46 7548.7 7546.55 7543.35 7539.46 7535.18 7530.75 7526.31 7521.99 7517.83 7513.88 
7512.65 7509.08 7505.85 7502.95 7500.41 7498.23 7496.43 7495.01 7493.99 7493.37 7493.17 7493.37 7493.99 7495.01 7496.43 7498.23 7500.41 7502.95 7505.85 7509.08 7512.65 7516.55 7520.77 7525.3 7530.12 7535.18 7540.41 7545.63 7550.59 7554.85 7557.84 7558.95 7557.84 7554.85 7550.59 7545.63 7540.41 7535.18 7530.12 7525.3 7520.77 7516.55 
7514.79 7511.08 7507.75 7504.8 7502.23 7500.04 7498.23 7496.82 7495.81 7495.2 7494.99 7495.2 7495.81 7496.82 7498.23 7500.04 7502.23 7504.8 7507.75 7511.08 7514.79 7518.89 7523.4 7528.32 7533.68 7539.46 7545.63 7552.07 7558.52 7564.43 7568.89 7570.66 7568.89 7564.43 7558.52 7552.07 7545.63 7539.46 7533.68 7528.32 7523.4 7518.89 
7516.54 7512.7 7509.28 7506.27 7503.67 7501.46 7499.65 7498.23 7497.22 7496.61 7496.41 7496.61 7497.22 7498.23 7499.65 7501.46 7503.67 7506.27 7509.28 7512.7 7516.54 7520.84 7525.61 7530.92 7536.82 7543.35 7550.59 7558.52 7566.99 7575.47 7582.62 7585.92 7582.62 7575.47 7566.99 7558.52 7550.59 7543.35 7536.82 7530.92 7525.61 7520.84 
7517.84 7513.89 7510.4 7507.34 7504.71 7502.48 7500.66 7499.25 7498.23 7497.63 7497.42 7497.63 7498.23 7499.25 7500.66 7502.48 7504.71 7507.34 7510.4 7513.89 7517.84 7522.3 7527.3 7532.94 7539.31 7546.55 7554.85 7564.43 7575.47 7587.83 7600.21 7607.82 7600.21 7587.83 7575.47 7564.43 7554.85 7546.55 7539.31 7532.94 7527.3 7522.3 
7518.64 7514.62 7511.08 7507.99 7505.33 7503.1 7501.27 7499.85 7498.84 7498.23 7498.03 7498.23 7498.84 7499.85 7501.27 7503.1 7505.33 7507.99 7511.08 7514.62 7518.64 7523.2 7528.36 7534.22 7540.93 7548.7 7557.84 7568.89 7582.62 7600.21 7622.57 7644.96 7622.57 7600.21 7582.62 7568.89 7557.84 7548.7 7540.93 7534.22 7528.36 7523.2 
7518.92 7514.86 7511.31 7508.21 7505.54 7503.3 7501.48 7500.06 7499.04 7498.44 7498.23 7498.44 7499.04 7500.06 7501.48 7503.3 7505.54 7508.21 7511.31 7514.86 7518.92 7523.51 7528.73 7534.67 7541.5 7549.46 7558.95 7570.66 7585.92 7607.82 7644.96 7727.03 7644.96 7607.82 7585.92 7570.66 7558.95 7549.46 7541.5 7534.67 7528.73 7523.51 
7518.64 7514.62 7511.08 7507.99 7505.33 7503.1 7501.27 7499.85 7498.84 7498.23 7498.03 7498.23 7498.84 7499.85 7501.27 7503.1 7505.33 7507.99 7511.08 7514.62 7518.64 7523.2 7528.36 7534.22 7540.93 7548.7 7557.84 7568.89 7582.62 7600.21 7622.57 7644.96 7622.57 7600.21 7582.62 7568.89 7557.84 7548.7 7540.93 7534.22 7528.36 7523.2 
7517.84 7513.89 7510.4 7507.34 7504.71 7502.48 7500.66 7499.25 7498.23 7497.63 7497.42 7497.63 7498.23 7499.25 7500.66 7502.48 7504.71 7507.34 7510.4 7513.89 7517.84 7522.3 7527.3 7532.94 7539.31 7546.55 7554.85 7564.43 7575.47 7587.83 7600.21 7607.82 7600.21 7587.83 7575.47 7564.43 7554.85 7546.55 7539.31 7532.94 7527.3 7522.3 
7516.54 7512.7 7509.28 7506.27 7503.67 7501.46 7499.65 7498.23 7497.22 7496.61 7496.41 7496.61 7497.22 7498.23 7499.65 7501.46 7503.67 7506.27 7509.28 7512.7 7516.54 7520.84 7525.61 7530.92 7536.82 7543.35 7550.59 7558.52 7566.99 7575.47 7582.62 7585.92 7582.62 7575.47 7566.99 7558.52 7550.59 7543.35 7536.82 7530.92 7525.61 7520.84 
7514.79 7511.08 7507.75 7504.8 7502.23 7500.04 7498.23 7496.82 7495.81 7495.2 7494.99 7495.2 7495.81 7496.82 7498.23 7500.04 7502.23 7504.8 7507.75 7511.08 7514.79 7518.89 7523.4 7528.32 7533.68 7539.46 7545.63 7552.07 7558.52 7564.43 7568.89 7570.66 7568.89 7564.43 7558.52 7552.07 7545.63 7539.46 7533.68 7528.32 7523.4 7518.89 
7512.65 7509.08 7505.85 7502.95 7500.41 7498.23 7496.43 7495.01 7493.99 7493.37 7493.17 7493.37 7493.99 7495.01 7496.43 7498.23 7500.41 7502.95 7505.85 7509.08 7512.65 7516.55 7520.77 7525.3 7530.12 7535.18 7540.41 7545.63 7550.59 7554.85 7557.84 7558.95 7557.84 7554.85 7550.59 7545.63 7540.41 7535.18 7530.12 7525.3 7520.77 7516.55 
7510.18 7506.75 7503.6 7500.76 7498.23 7496.06 7494.24 7492.8 7491.76 7491.14 7490.93 7491.14 7491.76 7492.8 7494.24 7496.06 7498.23 7500.76 7503.6 7506.75 7510.18 7513.88 7517.83 7521.99 7526.31 7530.75 7535.18 7539.46 7543.35 7546.55 7548.7 7549.46 7548.7 7546.55 7543.35 7539.46 7535.18 7530.75 7526.31 7521.99 7517.83 7513.88 
7507.45 7504.13 7501.05 7498.23 7495.71 7493.52 7491.67 7490.2 7489.13 7488.48 7488.26 7488.48 7489.13 7490.2 7491.67 7493.52 7495.71 7498.23 7501.05 7504.13 7507.45 7510.98 7514.67 7518.5 7522.41 7526.31 7530.12 7533.68 7536.82 7539.31 7540.93 7541.5 7540.93 7539.31 7536.82 7533.68 7530.12 7526.31 7522.41 7518.5 7514.67 7510.98 
7504.51 7501.28 7498.23 7495.42 7492.87 7490.62 7488.72 7487.19 7486.08 7485.4 7485.17 7485.4 7486.08 7487.19 7488.72 7490.62 7492.87 7495.42 7498.23 7501.28 7504.51 7507.9 7511.39 7514.95 7518.5 7521.99 7525.3 7528.32 7530.92 7532.94 7534.22 7534.67 7534.22 7532.94 7530.92 7528.32 7525.3 7521.99 7518.5 7514.95 7511.39 7507.9 
7501.42 7498.23 7495.19 7492.34 7489.72 7487.39 7485.39 7483.78 7482.59 7481.86 7481.61 7481.86 7482.59 7483.78 7485.39 7487.39 7489.72 7492.34 7495.19 7498.23 7501.42 7504.71 7508.05 7511.39 7514.67 7517.83 7520.77 7523.4 7525.61 7527.3 7528.36 7528.73 7528.36 7527.3 7525.61 7523.4 7520.77 7517.83 7514.67 7511.39 7508.05 7504.71 
7498.23 7495.05 7491.96 7489.02 7486.29 7483.82 7481.69 7479.94 7478.64 7477.84 7477.56 7477.84 7478.64 7479.94 7481.69 7483.82 7486.29 7489.02 7491.96 7495.05 7498.23 7501.47 7504.71 7507.9 7510.98 7513.88 7516.55 7518.89 7520.84 7522.3 7523.2 7523.51 7523.2 7522.3 7520.84 7518.89 7516.55 7513.88 7510.98 7507.9 7504.71 7501.47 
