7495.01 7491.79 7488.62 7485.56 7482.67 7480.02 7477.69 7475.76 7474.3 7473.4 7473.09 7473.4 7474.3 7475.76 7477.69 7480.02 7482.67 7485.56 7488.62 7491.79 7495.01 7498.23 7501.41 7504.48 7507.4 7510.12 7512.58 7514.71 7516.45 7517.74 7518.54 7518.81 7518.54 7517.74 7516.45 7514.71 7512.58 7510.12 7507.4 7504.48 7501.41 7498.23 
7491.79 7488.47 7485.15 7481.88 7478.75 7475.82 7473.2 7471 7469.32 7468.27 7467.91 7468.27 7469.32 7471 7473.2 7475.82 7478.75 7481.88 7485.15 7488.47 7491.79 7495.06 7498.23 7501.26 7504.1 7506.7 7509.02 7511.01 7512.62 7513.81 7514.53 7514.78 7514.53 7513.81 7512.62 7511.01 7509.02 7506.7 7504.1 7501.26 7498.23 7495.06 
7488.62 7485.15 7481.61 7478.07 7474.61 7471.31 7468.3 7465.72 7463.71 7462.43 7461.99 7462.43 7463.71 7465.72 7468.3 7471.31 7474.61 7478.07 7481.61 7485.15 7488.62 7491.99 7495.21 7498.23 7501.04 7503.57 7505.81 7507.7 7509.22 7510.33 7511.01 7511.24 7511.01 7510.33 7509.22 7507.7 7505.81 7503.57 7501.04 7498.23 7495.21 7491.99 
7485.56 7481.88 7478.07 7474.19 7470.3 7466.52 7462.97 7459.85 7457.37 7455.76 7455.19 7455.76 7457.37 7459.85 7462.97 7466.52 7470.3 7474.19 7478.07 7481.88 7485.56 7489.07 7492.37 7495.43 7498.23 7500.74 7502.93 7504.77 7506.23 7507.29 7507.94 7508.15 7507.94 7507.29 7506.23 7504.77 7502.93 7500.74 7498.23 7495.43 7492.37 7489.07 
7482.67 7478.75 7474.61 7470.3 7465.89 7461.48 7457.22 7453.34 7450.16 7448.03 7447.27 7448.03 7450.16 7453.34 7457.22 7461.48 7465.89 7470.3 7474.61 7478.75 7482.67 7486.35 7489.77 7492.9 7495.73 7498.23 7500.4 7502.21 7503.64 7504.67 7505.29 7505.5 7505.29 7504.67 7503.64 7502.21 7500.4 7498.23 7495.73 7492.9 7489.77 7486.35 
7480.02 7475.82 7471.31 7466.52 7461.48 7456.28 7451.07 7446.14 7441.9 7438.92 7437.82 7438.92 7441.9 7446.14 7451.07 7456.28 7461.48 7466.52 7471.31 7475.82 7480.02 7483.9 7487.45 7490.67 7493.54 7496.07 7498.23 7500.03 7501.44 7502.46 7503.07 7503.27 7503.07 7502.46 7501.44 7500.03 7498.23 7496.07 7493.54 7490.67 7487.45 7483.9 
7477.69 7473.2 7468.3 7462.97 7457.22 7451.07 7444.66 7438.25 7432.36 7427.93 7426.16 7427.93 7432.36 7438.25 7444.66 7451.07 7457.22 7462.97 7468.3 7473.2 7477.69 7481.77 7485.46 7488.77 7491.7 7494.26 7496.44 7498.23 7499.64 7500.65 7501.25 7501.46 7501.25 7500.65 7499.64 7498.23 7496.44 7494.26 7491.7 7488.77 7485.46 7481.77 
7475.76 7471 7465.72 7459.85 7453.34 7446.14 7438.25 7429.81 7421.38 7414.27 7410.98 7414.27 7421.38 7429.81 7438.25 7446.14 7453.34 7459.85 7465.72 7471 7475.76 7480.03 7483.85 7487.25 7490.24 7492.83 7495.03 7496.83 7498.23 7499.24 7499.85 7500.05 7499.85 7499.24 7498.23 7496.83 7495.03 7492.83 7490.24 7487.25 7483.85 7480.03 
7474.3 7469.32 7463.71 7457.37 7450.16 7441.9 7432.36 7421.38 7409.08 7396.78 7389.22 7396.78 7409.08 7421.38 7432.36 7441.9 7450.16 7457.37 7463.71 7469.32 7474.3 7478.74 7482.67 7486.14 7489.18 7491.8 7494.01 7495.82 7497.23 7498.23 7498.84 7499.04 7498.84 7498.23 7497.23 7495.82 7494.01 7491.8 7489.18 7486.14 7482.67 7478.74 
7473.4 7468.27 7462.43 7455.76 7448.03 7438.92 7427.93 7414.27 7396.78 7374.56 7352.35 7374.56 7396.78 7414.27 7427.93 7438.92 7448.03 7455.76 7462.43 7468.27 7473.4 7477.94 7481.94 7485.47 7488.54 7491.18 7493.4 7495.21 7496.62 7497.63 7498.23 7498.44 7498.23 7497.63 7496.62 7495.21 7493.4 7491.18 7488.54 7485.47 7481.94 7477.94 
7473.09 7467.91 7461.99 7455.19 7447.27 7437.82 7426.16 7410.98 7389.22 7352.35 7271.16 7352.35 7389.22 7410.98 7426.16 7437.82 7447.27 7455.19 7461.99 7467.91 7473.09 7477.67 7481.7 7485.24 7488.32 7490.97 7493.2 7495.01 7496.42 7497.43 7498.03 7498.23 7498.03 7497.43 7496.42 7495.01 7493.2 7490.97 7488.32 7485.24 7481.7 7477.67 
7473.4 7468.27 7462.43 7455.76 7448.03 7438.92 7427.93 7414.27 7396.78 7374.56 7352.35 7374.56 7396.78 7414.27 7427.93 7438.92 7448.03 7455.76 7462.43 7468.27 7473.4 7477.94 7481.94 7485.47 7488.54 7491.18 7493.4 7495.21 7496.62 7497.63 7498.23 7498.44 7498.23 7497.63 7496.62 7495.21 7493.4 7491.18 7488.54 7485.47 7481.94 7477.94 
7474.3 7469.32 7463.71 7457.37 7450.16 7441.9 7432.36 7421.38 7409.08 7396.78 7389.22 7396.78 7409.08 7421.38 7432.36 7441.9 7450.16 7457.37 7463.71 7469.32 7474.3 7478.74 7482.67 7486.14 7489.18 7491.8 7494.01 7495.82 7497.23 7498.23 7498.84 7499.04 7498.84 7498.23 7497.23 7495.82 7494.01 7491.8 7489.18 7486.14 7482.67 7478.74 
7475.76 7471 7465.72 7459.85 7453.34 7446.14 7438.25 7429.81 7421.38 7414.27 7410.98 7414.27 7421.38 7429.81 7438.25 7446.14 7453.34 7459.85 7465.72 7471 7475.76 7480.03 7483.85 7487.25 7490.24 7492.83 7495.03 7496.83 7498.23 7499.24 7499.85 7500.05 7499.85 7499.24 7498.23 7496.83 7495.03 7492.83 7490.24 7487.25 7483.85 7480.03 
7477.69 7473.2 7468.3 7462.97 7457.22 7451.07 7444.66 7438.25 7432.36 7427.93 7426.16 7427.93 7432.36 7438.25 7444.66 7451.07 7457.22 7462.97 7468.3 7473.2 7477.69 7481.77 7485.46 7488.77 7491.7 7494.26 7496.44 7498.23 7499.64 7500.65 7501.25 7501.46 7501.25 7500.65 7499.64 7498.23 7496.44 7494.26 7491.7 7488.77 7485.46 7481.77 
7480.02 7475.82 7471.31 7466.52 7461.48 7456.28 7451.07 7446.14 7441.9 7438.92 7437.82 7438.92 7441.9 7446.14 7451.07 7456.28 7461.48 7466.52 7471.31 7475.82 7480.02 7483.9 7487.45 7490.67 7493.54 7496.07 7498.23 7500.03 7501.44 7502.46 7503.07 7503.27 7503.07 7502.46 7501.44 7500.03 7498.23 7496.07 7493.54 7490.67 7487.45 7483.9 
7482.67 7478.75 7474.61 7470.3 7465.89 7461.48 7457.22 7453.34 7450.16 7448.03 7447.27 7448.03 7450.16 7453.34 7457.22 7461.48 7465.89 7470.3 7474.61 7478.75 7482.67 7486.35 7489.77 7492.9 7495.73 7498.23 7500.4 7502.21 7503.64 7504.67 7505.29 7505.5 7505.29 7504.67 7503.64 7502.21 7500.4 7498.23 7495.73 7492.9 7489.77 7486.35 
7485.56 7481.88 7478.07 7474.19 7470.3 7466.52 7462.97 7459.85 7457.37 7455.76 7455.19 7455.76 7457.37 7459.85 7462.97 7466.52 7470.3 7474.19 7478.07 7481.88 7485.56 7489.07 7492.37 7495.43 7498.23 7500.74 7502.93 7504.77 7506.23 7507.29 7507.94 7508.15 7507.94 7507.29 7506.23 7504.77 7502.93 7500.74 7498.23 7495.43 7492.37 7489.07 
7488.62 7485.15 7481.61 7478.07 7474.61 7471.31 7468.3 7465.72 7463.71 7462.43 7461.99 7462.43 7463.71 7465.72 7468.3 7471.31 7474.61 7478.07 7481.61 7485.15 7488.62 7491.99 7495.21 7498.23 7501.04 7503.57 7505.81 7507.7 7509.22 7510.33 7511.01 7511.24 7511.01 7510.33 7509.22 7507.7 7505.81 7503.57 7501.04 7498.23 7495.21 7491.99 
7491.79 7488.47 7485.15 7481.88 7478.75 7475.82 7473.2 7471 7469.32 7468.27 7467.91 7468.27 7469.32 7471 7473.2 7475.82 7478.75 7481.88 7485.15 7488.47 7491.79 7495.06 7498.23 7501.26 7504.1 7506.7 7509.02 7511.01 7512.62 7513.81 7514.53 7514.78 7514.53 7513.81 7512.62 7511.01 7509.02 7506.7 7504.1 7501.26 7498.23 7495.06 
7495.01 7491.79 7488.62 7485.56 7482.67 7480.02 7477.69 7475.76 7474.3 7473.4 7473.09 7473.4 7474.3 7475.76 7477.69 7480.02 7482.67 7485.56 7488.62 7491.79 7495.01 7498.23 7501.41 7504.48 7507.4 7510.12 7512.58 7514.71 7516.45 7517.74 7518.54 7518.81 7518.54 7517.74 7516.45 7514.71 7512.58 7510.12 7507.4 7504.48 7501.41 7498.23 
7498.23 7495.06 7491.99 7489.07 7486.35 7483.9 7481.77 7480.03 7478.74 7477.94 7477.67 7477.94 7478.74 7480.03 7481.77 7483.9 7486.35 7489.07 7491.99 7495.06 7498.23 7501.46 7504.68 7507.85 7510.91 7513.81 7516.46 7518.79 7520.73 7522.18 7523.08 7523.39 7523.08 7522.18 7520.73 7518.79 7516.46 7513.81 7510.91 7507.85 7504.68 7501.46 
7501.41 7498.23 7495.21 7492.37 7489.77 7487.45 7485.46 7483.85 7482.67 7481.94 7481.7 7481.94 7482.67 7483.85 7485.46 7487.45 7489.77 7492.37 7495.21 7498.23 7501.41 7504.68 7508 7511.33 7514.59 7517.73 7520.66 7523.28 7525.49 7527.17 7528.23 7528.59 7528.23 7527.17 7525.49 7523.28 7520.66 7517.73 7514.59 7511.33 7508 7504.68 
7504.48 7501.26 7498.23 7495.43 7492.9 7490.67 7488.77 7487.25 7486.14 7485.47 7485.24 7485.47 7486.14 7487.25 7488.77 7490.67 7492.9 7495.43 7498.23 7501.26 7504.48 7507.85 7511.33 7514.87 7518.41 7521.88 7525.18 7528.19 7530.78 7532.79 7534.07 7534.51 7534.07 7532.79 7530.78 7528.19 7525.18 7521.88 7518.41 7514.87 7511.33 7507.85 
7507.4 7504.1 7501.04 7498.23 7495.73 7493.54 7491.7 7490.24 7489.18 7488.54 7488.32 7488.54 7489.18 7490.24 7491.7 7493.54 7495.73 7498.23 7501.04 7504.1 7507.4 7510.91 7514.59 7518.41 7522.3 7526.19 7529.98 7533.53 7536.66 7539.15 7540.76 7541.33 7540.76 7539.15 7536.66 7533.53 7529.98 7526.19 7522.3 7518.41 7514.59 7510.91 
7510.12 7506.7 7503.57 7500.74 7498.23 7496.07 7494.26 7492.83 7491.8 7491.18 7490.97 7491.18 7491.8 7492.83 7494.26 7496.07 7498.23 7500.74 7503.57 7506.7 7510.12 7513.81 7517.73 7521.88 7526.19 7530.61 7535.03 7539.3 7543.18 7546.37 7548.52 7549.28 7548.52 7546.37 7543.18 7539.3 7535.03 7530.61 7526.19 7521.88 7517.73 7513.81 
7512.58 7509.02 7505.81 7502.93 7500.4 7498.23 7496.44 7495.03 7494.01 7493.4 7493.2 7493.4 7494.01 7495.03 7496.44 7498.23 7500.4 7502.93 7505.81 7509.02 7512.58 7516.46 7520.66 7525.18 7529.98 7535.03 7540.24 7545.46 7550.41 7554.66 7557.65 7558.76 7557.65 7554.66 7550.41 7545.46 7540.24 7535.03 7529.98 7525.18 7520.66 7516.46 
7514.71 7511.01 7507.7 7504.77 7502.21 7500.03 7498.23 7496.83 7495.82 7495.21 7495.01 7495.21 7495.82 7496.83 7498.23 7500.03 7502.21 7504.77 7507.7 7511.01 7514.71 7518.79 7523.28 7528.19 7533.53 7539.3 7545.46 7551.89 7558.33 7564.23 7568.68 7570.46 7568.68 7564.23 7558.33 7551.89 7545.46 7539.3 7533.53 7528.19 7523.28 7518.79 
7516.45 7512.62 7509.22 7506.23 7503.64 7501.44 7499.64 7498.23 7497.23 7496.62 7496.42 7496.62 7497.23 7498.23 7499.64 7501.44 7503.64 7506.23 7509.22 7512.62 7516.45 7520.73 7525.49 7530.78 7536.66 7543.18 7550.41 7558.33 7566.79 7575.26 7582.41 7585.71 7582.41 7575.26 7566.79 7558.33 7550.41 7543.18 7536.66 7530.78 7525.49 7520.73 
7517.74 7513.81 7510.33 7507.29 7504.67 7502.46 7500.65 7499.24 7498.23 7497.63 7497.43 7497.63 7498.23 7499.24 7500.65 7502.46 7504.67 7507.29 7510.33 7513.81 7517.74 7522.18 7527.17 7532.79 7539.15 7546.37 7554.66 7564.23 7575.26 7587.62 7599.99 7607.6 7599.99 7587.62 7575.26 7564.23 7554.66 7546.37 7539.15 7532.79 7527.17 7522.18 
7518.54 7514.53 7511.01 7507.94 7505.29 7503.07 7501.25 7499.85 7498.84 7498.23 7498.03 7498.23 7498.84 7499.85 7501.25 7503.07 7505.29 7507.94 7511.01 7514.53 7518.54 7523.08 7528.23 7534.07 7540.76 7548.52 7557.65 7568.68 7582.41 7599.99 7622.35 7644.74 7622.35 7599.99 7582.41 7568.68 7557.65 7548.52 7540.76 7534.07 7528.23 7523.08 
7518.81 7514.78 7511.24 7508.15 7505.5 7503.27 7501.46 7500.05 7499.04 7498.44 7498.23 7498.44 7499.04 7500.05 7501.46 7503.27 7505.5 7508.15 7511.24 7514.78 7518.81 7523.39 7528.59 7534.51 7541.33 7549.28 7558.76 7570.46 7585.71 7607.6 7644.74 7726.81 7644.74 7607.6 7585.71 7570.46 7558.76 7549.28 7541.33 7534.51 7528.59 7523.39 
7518.54 7514.53 7511.01 7507.94 7505.29 7503.07 7501.25 7499.85 7498.84 7498.23 7498.03 7498.23 7498.84 7499.85 7501.25 7503.07 7505.29 7507.94 7511.01 7514.53 7518.54 7523.08 7528.23 7534.07 7540.76 7548.52 7557.65 7568.68 7582.41 7599.99 7622.35 7644.74 7622.35 7599.99 7582.41 7568.68 7557.65 7548.52 7540.76 7534.07 7528.23 7523.08 
7517.74 7513.81 7510.33 7507.29 7504.67 7502.46 7500.65 7499.24 7498.23 7497.63 7497.43 7497.63 7498.23 7499.24 7500.65 7502.46 7504.67 7507.29 7510.33 7513.81 7517.74 7522.18 7527.17 7532.79 7539.15 7546.37 7554.66 7564.23 7575.26 7587.62 7599.99 7607.6 7599.99 7587.62 7575.26 7564.23 7554.66 7546.37 7539.15 7532.79 7527.17 7522.18 
7516.45 7512.62 7509.22 7506.23 7503.64 7501.44 7499.64 7498.23 7497.23 7496.62 7496.42 7496.62 7497.23 7498.23 7499.64 7501.44 7503.64 7506.23 7509.22 7512.62 7516.45 7520.73 7525.49 7530.78 7536.66 7543.18 7550.41 7558.33 7566.79 7575.26 7582.41 7585.71 7582.41 7575.26 7566.79 7558.33 7550.41 7543.18 7536.66 7530.78 7525.49 7520.73 
7514.71 7511.01 7507.7 7504.77 7502.21 7500.03 7498.23 7496.83 7495.82 7495.21 7495.01 7495.21 7495.82 7496.83 7498.23 7500.03 7502.21 7504.77 7507.7 7511.01 7514.71 7518.79 7523.28 7528.19 7533.53 7539.3 7545.46 7551.89 7558.33 7564.23 7568.68 7570.46 7568.68 7564.23 7558.33 7551.89 7545.46 7539.3 7533.53 7528.19 7523.28 7518.79 
7512.58 7509.02 7505.81 7502.93 7500.4 7498.23 7496.44 7495.03 7494.01 7493.4 7493.2 7493.4 7494.01 7495.03 7496.44 7498.23 7500.4 7502.93 7505.81 7509.02 7512.58 7516.46 7520.66 7525.18 7529.98 7535.03 7540.24 7545.46 7550.41 7554.66 7557.65 7558.76 7557.65 7554.66 7550.41 7545.46 7540.24 7535.03 7529.98 7525.18 7520.66 7516.46 
7510.12 7506.7 7503.57 7500.74 7498.23 7496.07 7494.26 7492.83 7491.8 7491.18 7490.97 7491.18 7491.8 7492.83 7494.26 7496.07 7498.23 7500.74 7503.57 7506.7 7510.12 7513.81 7517.73 7521.88 7526.19 7530.61 7535.03 7539.3 7543.18 7546.37 7548.52 7549.28 7548.52 7546.37 7543.18 7539.3 7535.03 7530.61 7526.19 7521.88 7517.73 7513.81 
7507.4 7504.1 7501.04 7498.23 7495.73 7493.54 7491.7 7490.24 7489.18 7488.54 7488.32 7488.54 7489.18 7490.24 7491.7 7493.54 7495.73 7498.23 7501.04 7504.1 7507.4 7510.91 7514.59 7518.41 7522.3 7526.19 7529.98 7533.53 7536.66 7539.15 7540.76 7541.33 7540.76 7539.15 7536.66 7533.53 7529.98 7526.19 7522.3 7518.41 7514.59 7510.91 
7504.48 7501.26 7498.23 7495.43 7492.9 7490.67 7488.77 7487.25 7486.14 7485.47 7485.24 7485.47 7486.14 7487.25 7488.77 7490.67 7492.9 7495.43 7498.23 7501.26 7504.48 7507.85 7511.33 7514.87 7518.41 7521.88 7525.18 7528.19 7530.78 7532.79 7534.07 7534.51 7534.07 7532.79 7530.78 7528.19 7525.18 7521.88 7518.41 7514.87 7511.33 7507.85 
7501.41 7498.23 7495.21 7492.37 7489.77 7487.45 7485.46 7483.85 7482.67 7481.94 7481.7 7481.94 7482.67 7483.85 7485.46 7487.45 7489.77 7492.37 7495.21 7498.23 7501.41 7504.68 7508 7511.33 7514.59 7517.73 7520.66 7523.28 7525.49 7527.17 7528.23 7528.59 7528.23 7527.17 7525.49 7523.28 7520.66 7517.73 7514.59 7511.33 7508 7504.68 
7498.23 7495.06 7491.99 7489.07 7486.35 7483.9 7481.77 7480.03 7478.74 7477.94 7477.67 7477.94 7478.74 7480.03 7481.77 7483.9 7486.35 7489.07 7491.99 7495.06 7498.23 7501.46 7504.68 7507.85 7510.91 7513.81 7516.46 7518.79 7520.73 7522.18 7523.08 7523.39 7523.08 7522.18 7520.73 7518.79 7516.46 7513.81 7510.91 7507.85 7504.68 7501.46 
