7495.05 7491.87 7488.73 7485.7 7482.84 7480.22 7477.91 7476 7474.56 7473.67 7473.36 7473.67 7474.56 7476 7477.91 7480.22 7482.84 7485.7 7488.73 7491.87 7495.05 7498.23 7501.37 7504.41 7507.3 7509.99 7512.41 7514.52 7516.24 7517.53 7518.32 7518.58 7518.32 7517.53 7516.24 7514.52 7512.41 7509.99 7507.3 7504.41 7501.37 7498.23 
7491.87 7488.58 7485.29 7482.06 7478.96 7476.06 7473.46 7471.28 7469.61 7468.57 7468.21 7468.57 7469.61 7471.28 7473.46 7476.06 7478.96 7482.06 7485.29 7488.58 7491.87 7495.1 7498.23 7501.23 7504.03 7506.61 7508.9 7510.86 7512.45 7513.62 7514.34 7514.59 7514.34 7513.62 7512.45 7510.86 7508.9 7506.61 7504.03 7501.23 7498.23 7495.1 
7488.73 7485.29 7481.79 7478.29 7474.85 7471.59 7468.6 7466.03 7464.04 7462.77 7462.33 7462.77 7464.04 7466.03 7468.6 7471.59 7474.85 7478.29 7481.79 7485.29 7488.73 7492.06 7495.24 7498.23 7501 7503.51 7505.71 7507.59 7509.09 7510.18 7510.85 7511.08 7510.85 7510.18 7509.09 7507.59 7505.71 7503.51 7501 7498.23 7495.24 7492.06 
7485.7 7482.06 7478.29 7474.44 7470.58 7466.82 7463.3 7460.2 7457.73 7456.13 7455.57 7456.13 7457.73 7460.2 7463.3 7466.82 7470.58 7474.44 7478.29 7482.06 7485.7 7489.17 7492.44 7495.47 7498.23 7500.71 7502.87 7504.68 7506.13 7507.18 7507.81 7508.03 7507.81 7507.18 7506.13 7504.68 7502.87 7500.71 7498.23 7495.47 7492.44 7489.17 
7482.84 7478.96 7474.85 7470.58 7466.2 7461.81 7457.58 7453.72 7450.55 7448.43 7447.67 7448.43 7450.55 7453.72 7457.58 7461.81 7466.2 7470.58 7474.85 7478.96 7482.84 7486.49 7489.87 7492.96 7495.76 7498.24 7500.37 7502.16 7503.57 7504.59 7505.2 7505.41 7505.2 7504.59 7503.57 7502.16 7500.37 7498.24 7495.76 7492.96 7489.87 7486.49 
7480.22 7476.06 7471.59 7466.82 7461.81 7456.64 7451.46 7446.55 7442.31 7439.34 7438.25 7439.34 7442.31 7446.55 7451.46 7456.64 7461.81 7466.82 7471.59 7476.06 7480.22 7484.06 7487.57 7490.76 7493.6 7496.1 7498.24 7500.01 7501.4 7502.4 7503.01 7503.21 7503.01 7502.4 7501.4 7500.01 7498.24 7496.1 7493.6 7490.76 7487.57 7484.06 
7477.91 7473.46 7468.6 7463.3 7457.58 7451.46 7445.07 7438.67 7432.8 7428.38 7426.61 7428.38 7432.8 7438.67 7445.07 7451.46 7457.58 7463.3 7468.6 7473.46 7477.91 7481.96 7485.61 7488.89 7491.79 7494.31 7496.46 7498.24 7499.62 7500.62 7501.22 7501.42 7501.22 7500.62 7499.62 7498.24 7496.46 7494.31 7491.79 7488.89 7485.61 7481.96 
7476 7471.28 7466.03 7460.2 7453.72 7446.55 7438.67 7430.26 7421.84 7414.73 7411.45 7414.73 7421.84 7430.26 7438.67 7446.55 7453.72 7460.2 7466.03 7471.28 7476 7480.23 7484.02 7487.39 7490.34 7492.9 7495.07 7496.85 7498.24 7499.23 7499.82 7500.02 7499.82 7499.23 7498.24 7496.85 7495.07 7492.9 7490.34 7487.39 7484.02 7480.23 
7474.56 7469.61 7464.04 7457.73 7450.55 7442.31 7432.8 7421.84 7409.55 7397.26 7389.7 7397.26 7409.55 7421.84 7432.8 7442.31 7450.55 7457.73 7464.04 7469.61 7474.56 7478.95 7482.85 7486.29 7489.3 7491.88 7494.07 7495.85 7497.24 7498.24 7498.83 7499.03 7498.83 7498.24 7497.24 7495.85 7494.07 7491.88 7489.3 7486.29 7482.85 7478.95 
7473.67 7468.57 7462.77 7456.13 7448.43 7439.34 7428.38 7414.73 7397.26 7375.05 7352.84 7375.05 7397.26 7414.73 7428.38 7439.34 7448.43 7456.13 7462.77 7468.57 7473.67 7478.16 7482.13 7485.62 7488.66 7491.27 7493.46 7495.26 7496.65 7497.64 7498.24 7498.43 7498.24 7497.64 7496.65 7495.26 7493.46 7491.27 7488.66 7485.62 7482.13 7478.16 
7473.36 7468.21 7462.33 7455.57 7447.67 7438.25 7426.61 7411.45 7389.7 7352.84 7271.66 7352.84 7389.7 7411.45 7426.61 7438.25 7447.67 7455.57 7462.33 7468.21 7473.36 7477.9 7481.89 7485.4 7488.44 7491.06 7493.26 7495.06 7496.45 7497.44 7498.04 7498.24 7498.04 7497.44 7496.45 7495.06 7493.26 7491.06 7488.44 7485.4 7481.89 7477.9 
7473.67 7468.57 7462.77 7456.13 7448.43 7439.34 7428.38 7414.73 7397.26 7375.05 7352.84 7375.05 7397.26 7414.73 7428.38 7439.34 7448.43 7456.13 7462.77 7468.57 7473.67 7478.16 7482.13 7485.62 7488.66 7491.27 7493.46 7495.26 7496.65 7497.64 7498.24 7498.43 7498.24 7497.64 7496.65 7495.26 7493.46 7491.27 7488.66 7485.62 7482.13 7478.16 
7474.56 7469.61 7464.04 7457.73 7450.55 7442.31 7432.8 7421.84 7409.55 7397.26 7389.7 7397.26 7409.55 7421.84 7432.8 7442.31 7450.55 7457.73 7464.04 7469.61 7474.56 7478.95 7482.85 7486.29 7489.3 7491.88 7494.07 7495.85 7497.24 7498.24 7498.83 7499.03 7498.83 7498.24 7497.24 7495.85 7494.07 7491.88 7489.3 7486.29 7482.85 7478.95 
7476 7471.28 7466.03 7460.2 7453.72 7446.55 7438.67 7430.26 7421.84 7414.73 7411.45 7414.73 7421.84 7430.26 7438.67 7446.55 7453.72 7460.2 7466.03 7471.28 7476 7480.23 7484.02 7487.39 7490.34 7492.9 7495.07 7496.85 7498.24 7499.23 7499.82 7500.02 7499.82 7499.23 7498.24 7496.85 7495.07 7492.9 7490.34 7487.39 7484.02 7480.23 
7477.91 7473.46 7468.6 7463.3 7457.58 7451.46 7445.07 7438.67 7432.8 7428.38 7426.61 7428.38 7432.8 7438.67 7445.07 7451.46 7457.58 7463.3 7468.6 7473.46 7477.91 7481.96 7485.61 7488.89 7491.79 7494.31 7496.46 7498.24 7499.62 7500.62 7501.22 7501.42 7501.22 7500.62 7499.62 7498.24 7496.46 7494.31 7491.79 7488.89 7485.61 7481.96 
7480.22 7476.06 7471.59 7466.82 7461.81 7456.64 7451.46 7446.55 7442.31 7439.34 7438.25 7439.34 7442.31 7446.55 7451.46 7456.64 7461.81 7466.82 7471.59 7476.06 7480.22 7484.06 7487.57 7490.76 7493.6 7496.1 7498.24 7500.01 7501.4 7502.4 7503.01 7503.21 7503.01 7502.4 7501.4 7500.01 7498.24 7496.1 7493.6 7490.76 7487.57 7484.06 
7482.84 7478.96 7474.85 7470.58 7466.2 7461.81 7457.58 7453.72 7450.55 7448.43 7447.67 7448.43 7450.55 7453.72 7457.58 7461.81 7466.2 7470.58 7474.85 7478.96 7482.84 7486.49 7489.87 7492.96 7495.76 7498.24 7500.37 7502.16 7503.57 7504.59 7505.2 7505.41 7505.2 7504.59 7503.57 7502.16 7500.37 7498.24 7495.76 7492.96 7489.87 7486.49 
7485.7 7482.06 7478.29 7474.44 7470.58 7466.82 7463.3 7460.2 7457.73 7456.13 7455.57 7456.13 7457.73 7460.2 7463.3 7466.82 7470.58 7474.44 7478.29 7482.06 7485.7 7489.17 7492.44 7495.47 7498.23 7500.71 7502.87 7504.68 7506.13 7507.18 7507.81 7508.03 7507.81 7507.18 7506.13 7504.68 7502.87 7500.71 7498.23 7495.47 7492.44 7489.17 
7488.73 7485.29 7481.79 7478.29 7474.85 7471.59 7468.6 7466.03 7464.04 7462.77 7462.33 7462.77 7464.04 7466.03 7468.6 7471.59 7474.85 7478.29 7481.79 7485.29 7488.73 7492.06 7495.24 7498.23 7501 7503.51 7505.71 7507.59 7509.09 7510.18 7510.85 7511.08 7510.85 7510.18 7509.09 7507.59 7505.71 7503.51 7501 7498.23 7495.24 7492.06 
7491.87 7488.58 7485.29 7482.06 7478.96 7476.06 7473.46 7471.28 7469.61 7468.57 7468.21 7468.57 7469.61 7471.28 7473.46 7476.06 7478.96 7482.06 7485.29 7488.58 7491.87 7495.1 7498.23 7501.23 7504.03 7506.61 7508.9 7510.86 7512.45 7513.62 7514.34 7514.59 7514.34 7513.62 7512.45 7510.86 7508.9 7506.61 7504.03 7501.23 7498.23 7495.1 
7495.05 7491.87 7488.73 7485.7 7482.84 7480.22 7477.91 7476 7474.56 7473.67 7473.36 7473.67 7474.56 7476 7477.91 7480.22 7482.84 7485.7 7488.73 7491.87 7495.05 7498.23 7501.37 7504.41 7507.3 7509.99 7512.41 7514.52 7516.24 7517.53 7518.32 7518.58 7518.32 7517.53 7516.24 7514.52 7512.41 7509.99 7507.3 7504.41 7501.37 7498.23 
7498.23 7495.1 7492.06 7489.17 7486.49 7484.06 7481.96 7480.23 7478.95 7478.16 7477.9 7478.16 7478.95 7480.23 7481.96 7484.06 7486.49 7489.17 7492.06 7495.1 7498.23 7501.42 7504.6 7507.74 7510.77 7513.63 7516.26 7518.57 7520.49 7521.93 7522.82 7523.13 7522.82 7521.93 7520.49 7518.57 7516.26 7513.63 7510.77 7507.74 7504.6 7501.42 
7501.37 7498.23 7495.24 7492.44 7489.87 7487.57 7485.61 7484.02 7482.85 7482.13 7481.89 7482.13 7482.85 7484.02 7485.61 7487.57 7489.87 7492.44 7495.24 7498.23 7501.37 7504.6 7507.89 7511.18 7514.42 7517.52 7520.42 7523.02 7525.21 7526.88 7527.93 7528.29 7527.93 7526.88 7525.21 7523.02 7520.42 7517.52 7514.42 7511.18 7507.89 7504.6 
7504.41 7501.23 7498.23 7495.47 7492.96 7490.76 7488.89 7487.39 7486.29 7485.62 7485.4 7485.62 7486.29 7487.39 7488.89 7490.76 7492.96 7495.47 7498.23 7501.23 7504.41 7507.74 7511.18 7514.69 7518.19 7521.63 7524.9 7527.9 7530.47 7532.46 7533.74 7534.18 7533.74 7532.46 7530.47 7527.9 7524.9 7521.63 7518.19 7514.69 7511.18 7507.74 
7507.3 7504.03 7501 7498.23 7495.76 7493.6 7491.79 7490.34 7489.3 7488.66 7488.44 7488.66 7489.3 7490.34 7491.79 7493.6 7495.76 7498.23 7501 7504.03 7507.3 7510.77 7514.42 7518.19 7522.05 7525.91 7529.67 7533.2 7536.31 7538.78 7540.39 7540.96 7540.39 7538.78 7536.31 7533.2 7529.67 7525.91 7522.05 7518.19 7514.42 7510.77 
7509.99 7506.61 7503.51 7500.71 7498.24 7496.1 7494.31 7492.9 7491.88 7491.27 7491.06 7491.27 7491.88 7492.9 7494.31 7496.1 7498.24 7500.71 7503.51 7506.61 7509.99 7513.63 7517.52 7521.63 7525.91 7530.3 7534.69 7538.94 7542.8 7545.98 7548.11 7548.87 7548.11 7545.98 7542.8 7538.94 7534.69 7530.3 7525.91 7521.63 7517.52 7513.63 
7512.41 7508.9 7505.71 7502.87 7500.37 7498.24 7496.46 7495.07 7494.07 7493.46 7493.26 7493.46 7494.07 7495.07 7496.46 7498.24 7500.37 7502.87 7505.71 7508.9 7512.41 7516.26 7520.42 7524.9 7529.67 7534.69 7539.88 7545.07 7550 7554.24 7557.22 7558.33 7557.22 7554.24 7550 7545.07 7539.88 7534.69 7529.67 7524.9 7520.42 7516.26 
7514.52 7510.86 7507.59 7504.68 7502.16 7500.01 7498.24 7496.85 7495.85 7495.26 7495.06 7495.26 7495.85 7496.85 7498.24 7500.01 7502.16 7504.68 7507.59 7510.86 7514.52 7518.57 7523.02 7527.9 7533.2 7538.94 7545.07 7551.48 7557.9 7563.79 7568.23 7570 7568.23 7563.79 7557.9 7551.48 7545.07 7538.94 7533.2 7527.9 7523.02 7518.57 
7516.24 7512.45 7509.09 7506.13 7503.57 7501.4 7499.62 7498.24 7497.24 7496.65 7496.45 7496.65 7497.24 7498.24 7499.62 7501.4 7503.57 7506.13 7509.09 7512.45 7516.24 7520.49 7525.21 7530.47 7536.31 7542.8 7550 7557.9 7566.34 7574.8 7581.94 7585.24 7581.94 7574.8 7566.34 7557.9 7550 7542.8 7536.31 7530.47 7525.21 7520.49 
7517.53 7513.62 7510.18 7507.18 7504.59 7502.4 7500.62 7499.23 7498.24 7497.64 7497.44 7497.64 7498.24 7499.23 7500.62 7502.4 7504.59 7507.18 7510.18 7513.62 7517.53 7521.93 7526.88 7532.46 7538.78 7545.98 7554.24 7563.79 7574.8 7587.14 7599.5 7607.11 7599.5 7587.14 7574.8 7563.79 7554.24 7545.98 7538.78 7532.46 7526.88 7521.93 
7518.32 7514.34 7510.85 7507.81 7505.2 7503.01 7501.22 7499.82 7498.83 7498.24 7498.04 7498.24 7498.83 7499.82 7501.22 7503.01 7505.2 7507.81 7510.85 7514.34 7518.32 7522.82 7527.93 7533.74 7540.39 7548.11 7557.22 7568.23 7581.94 7599.5 7621.86 7644.24 7621.86 7599.5 7581.94 7568.23 7557.22 7548.11 7540.39 7533.74 7527.93 7522.82 
7518.58 7514.59 7511.08 7508.03 7505.41 7503.21 7501.42 7500.02 7499.03 7498.43 7498.24 7498.43 7499.03 7500.02 7501.42 7503.21 7505.41 7508.03 7511.08 7514.59 7518.58 7523.13 7528.29 7534.18 7540.96 7548.87 7558.33 7570 7585.24 7607.11 7644.24 7726.31 7644.24 7607.11 7585.24 7570 7558.33 7548.87 7540.96 7534.18 7528.29 7523.13 
7518.32 7514.34 7510.85 7507.81 7505.2 7503.01 7501.22 7499.82 7498.83 7498.24 7498.04 7498.24 7498.83 7499.82 7501.22 7503.01 7505.2 7507.81 7510.85 7514.34 7518.32 7522.82 7527.93 7533.74 7540.39 7548.11 7557.22 7568.23 7581.94 7599.5 7621.86 7644.24 7621.86 7599.5 7581.94 7568.23 7557.22 7548.11 7540.39 7533.74 7527.93 7522.82 
7517.53 7513.62 7510.18 7507.18 7504.59 7502.4 7500.62 7499.23 7498.24 7497.64 7497.44 7497.64 7498.24 7499.23 7500.62 7502.4 7504.59 7507.18 7510.18 7513.62 7517.53 7521.93 7526.88 7532.46 7538.78 7545.98 7554.24 7563.79 7574.8 7587.14 7599.5 7607.11 7599.5 7587.14 7574.8 7563.79 7554.24 7545.98 7538.78 7532.46 7526.88 7521.93 
7516.24 7512.45 7509.09 7506.13 7503.57 7501.4 7499.62 7498.24 7497.24 7496.65 7496.45 7496.65 7497.24 7498.24 7499.62 7501.4 7503.57 7506.13 7509.09 7512.45 7516.24 7520.49 7525.21 7530.47 7536.31 7542.8 7550 7557.9 7566.34 7574.8 7581.94 7585.24 7581.94 7574.8 7566.34 7557.9 7550 7542.8 7536.31 7530.47 7525.21 7520.49 
7514.52 7510.86 7507.59 7504.68 7502.16 7500.01 7498.24 7496.85 7495.85 7495.26 7495.06 7495.26 7495.85 7496.85 7498.24 7500.01 7502.16 7504.68 7507.59 7510.86 7514.52 7518.57 7523.02 7527.9 7533.2 7538.94 7545.07 7551.48 7557.9 7563.79 7568.23 7570 7568.23 7563.79 7557.9 7551.48 7545.07 7538.94 7533.2 7527.9 7523.02 7518.57 
7512.41 7508.9 7505.71 7502.87 7500.37 7498.24 7496.46 7495.07 7494.07 7493.46 7493.26 7493.46 7494.07 7495.07 7496.46 7498.24 7500.37 7502.87 7505.71 7508.9 7512.41 7516.26 7520.42 7524.9 7529.67 7534.69 7539.88 7545.07 7550 7554.24 7557.22 7558.33 7557.22 7554.24 7550 7545.07 7539.88 7534.69 7529.67 7524.9 7520.42 7516.26 
7509.99 7506.61 7503.51 7500.71 7498.24 7496.1 7494.31 7492.9 7491.88 7491.27 7491.06 7491.27 7491.88 7492.9 7494.31 7496.1 7498.24 7500.71 7503.51 7506.61 7509.99 7513.63 7517.52 7521.63 7525.91 7530.3 7534.69 7538.94 7542.8 7545.98 7548.11 7548.87 7548.11 7545.98 7542.8 7538.94 7534.69 7530.3 7525.91 7521.63 7517.52 7513.63 
7507.3 7504.03 7501 7498.23 7495.76 7493.6 7491.79 7490.34 7489.3 7488.66 7488.44 7488.66 7489.3 7490.34 7491.79 7493.6 7495.76 7498.23 7501 7504.03 7507.3 7510.77 7514.42 7518.19 7522.05 7525.91 7529.67 7533.2 7536.31 7538.78 7540.39 7540.96 7540.39 7538.78 7536.31 7533.2 7529.67 7525.91 7522.05 7518.19 7514.42 7510.77 
7504.41 7501.23 7498.23 7495.47 7492.96 7490.76 7488.89 7487.39 7486.29 7485.62 7485.4 7485.62 7486.29 7487.39 7488.89 7490.76 7492.96 7495.47 7498.23 7501.23 7504.41 7507.74 7511.18 7514.69 7518.19 7521.63 7524.9 7527.9 7530.47 7532.46 7533.74 7534.18 7533.74 7532.46 7530.47 7527.9 7524.9 7521.63 7518.19 7514.69 7511.18 7507.74 
7501.37 7498.23 7495.24 7492.44 7489.87 7487.57 7485.61 7484.02 7482.85 7482.13 7481.89 7482.13 7482.85 7484.02 7485.61 7487.57 7489.87 7492.44 7495.24 7498.23 7501.37 7504.6 7507.89 7511.18 7514.42 7517.52 7520.42 7523.02 7525.21 7526.88 7527.93 7528.29 7527.93 7526.88 7525.21 7523.02 7520.42 7517.52 7514.42 7511.18 7507.89 7504.6 
7498.23 7495.1 7492.06 7489.17 7486.49 7484.06 7481.96 7480.23 7478.95 7478.16 7477.9 7478.16 7478.95 7480.23 7481.96 7484.06 7486.49 7489.17 7492.06 7495.1 7498.23 7501.42 7504.6 7507.74 7510.77 7513.63 7516.26 7518.57 7520.49 7521.93 7522.82 7523.13 7522.82 7521.93 7520.49 7518.57 7516.26 7513.63 7510.77 7507.74 7504.6 7501.42 
