7495 7491.76 7488.58 7485.51 7482.6 7479.94 7477.6 7475.67 7474.21 7473.3 7473 7473.3 7474.21 7475.67 7477.6 7479.94 7482.6 7485.51 7488.58 7491.76 7495 7498.23 7501.42 7504.51 7507.44 7510.17 7512.64 7514.78 7516.53 7517.83 7518.63 7518.9 7518.63 7517.83 7516.53 7514.78 7512.64 7510.17 7507.44 7504.51 7501.42 7498.23 
7491.76 7488.43 7485.09 7481.81 7478.67 7475.73 7473.11 7470.9 7469.21 7468.15 7467.79 7468.15 7469.21 7470.9 7473.11 7475.73 7478.67 7481.81 7485.09 7488.43 7491.76 7495.05 7498.23 7501.28 7504.13 7506.74 7509.07 7511.07 7512.68 7513.87 7514.6 7514.85 7514.6 7513.87 7512.68 7511.07 7509.07 7506.74 7504.13 7501.28 7498.23 7495.05 
7488.58 7485.09 7481.54 7477.99 7474.52 7471.21 7468.19 7465.6 7463.59 7462.31 7461.87 7462.31 7463.59 7465.6 7468.19 7471.21 7474.52 7477.99 7481.54 7485.09 7488.58 7491.96 7495.19 7498.23 7501.05 7503.6 7505.84 7507.74 7509.27 7510.38 7511.07 7511.29 7511.07 7510.38 7509.27 7507.74 7505.84 7503.6 7501.05 7498.23 7495.19 7491.96 
7485.51 7481.81 7477.99 7474.09 7470.2 7466.4 7462.85 7459.72 7457.24 7455.62 7455.05 7455.62 7457.24 7459.72 7462.85 7466.4 7470.2 7474.09 7477.99 7481.81 7485.51 7489.03 7492.34 7495.42 7498.23 7500.75 7502.95 7504.8 7506.26 7507.33 7507.98 7508.2 7507.98 7507.33 7506.26 7504.8 7502.95 7500.75 7498.23 7495.42 7492.34 7489.03 
7482.6 7478.67 7474.52 7470.2 7465.77 7461.35 7457.08 7453.2 7450.01 7447.88 7447.12 7447.88 7450.01 7453.2 7457.08 7461.35 7465.77 7470.2 7474.52 7478.67 7482.6 7486.3 7489.73 7492.87 7495.72 7498.23 7500.41 7502.23 7503.66 7504.7 7505.33 7505.54 7505.33 7504.7 7503.66 7502.23 7500.41 7498.23 7495.72 7492.87 7489.73 7486.3 
7479.94 7475.73 7471.21 7466.4 7461.35 7456.14 7450.93 7445.99 7441.74 7438.76 7437.66 7438.76 7441.74 7445.99 7450.93 7456.14 7461.35 7466.4 7471.21 7475.73 7479.94 7483.84 7487.4 7490.63 7493.52 7496.06 7498.23 7500.04 7501.46 7502.48 7503.09 7503.3 7503.09 7502.48 7501.46 7500.04 7498.23 7496.06 7493.52 7490.63 7487.4 7483.84 
7477.6 7473.11 7468.19 7462.85 7457.08 7450.93 7444.51 7438.09 7432.2 7427.76 7425.99 7427.76 7432.2 7438.09 7444.51 7450.93 7457.08 7462.85 7468.19 7473.11 7477.6 7481.7 7485.4 7488.73 7491.67 7494.24 7496.43 7498.23 7499.65 7500.66 7501.27 7501.47 7501.27 7500.66 7499.65 7498.23 7496.43 7494.24 7491.67 7488.73 7485.4 7481.7 
7475.67 7470.9 7465.6 7459.72 7453.2 7445.99 7438.09 7429.65 7421.21 7414.09 7410.8 7414.09 7421.21 7429.65 7438.09 7445.99 7453.2 7459.72 7465.6 7470.9 7475.67 7479.95 7483.79 7487.2 7490.21 7492.81 7495.01 7496.82 7498.23 7499.25 7499.85 7500.06 7499.85 7499.25 7498.23 7496.82 7495.01 7492.81 7490.21 7487.2 7483.79 7479.95 
7474.21 7469.21 7463.59 7457.24 7450.01 7441.74 7432.2 7421.21 7408.9 7396.6 7389.04 7396.6 7408.9 7421.21 7432.2 7441.74 7450.01 7457.24 7463.59 7469.21 7474.21 7478.65 7482.6 7486.09 7489.14 7491.77 7493.99 7495.81 7497.22 7498.23 7498.84 7499.04 7498.84 7498.23 7497.22 7495.81 7493.99 7491.77 7489.14 7486.09 7482.6 7478.65 
7473.3 7468.15 7462.31 7455.62 7447.88 7438.76 7427.76 7414.09 7396.6 7374.38 7352.16 7374.38 7396.6 7414.09 7427.76 7438.76 7447.88 7455.62 7462.31 7468.15 7473.3 7477.85 7481.87 7485.41 7488.49 7491.14 7493.38 7495.2 7496.62 7497.63 7498.23 7498.44 7498.23 7497.63 7496.62 7495.2 7493.38 7491.14 7488.49 7485.41 7481.87 7477.85 
7473 7467.79 7461.87 7455.05 7447.12 7437.66 7425.99 7410.8 7389.04 7352.16 7270.98 7352.16 7389.04 7410.8 7425.99 7437.66 7447.12 7455.05 7461.87 7467.79 7473 7477.58 7481.63 7485.18 7488.27 7490.93 7493.17 7495 7496.41 7497.43 7498.03 7498.23 7498.03 7497.43 7496.41 7495 7493.17 7490.93 7488.27 7485.18 7481.63 7477.58 
7473.3 7468.15 7462.31 7455.62 7447.88 7438.76 7427.76 7414.09 7396.6 7374.38 7352.16 7374.38 7396.6 7414.09 7427.76 7438.76 7447.88 7455.62 7462.31 7468.15 7473.3 7477.85 7481.87 7485.41 7488.49 7491.14 7493.38 7495.2 7496.62 7497.63 7498.23 7498.44 7498.23 7497.63 7496.62 7495.2 7493.38 7491.14 7488.49 7485.41 7481.87 7477.85 
7474.21 7469.21 7463.59 7457.24 7450.01 7441.74 7432.2 7421.21 7408.9 7396.6 7389.04 7396.6 7408.9 7421.21 7432.2 7441.74 7450.01 7457.24 7463.59 7469.21 7474.21 7478.65 7482.6 7486.09 7489.14 7491.77 7493.99 7495.81 7497.22 7498.23 7498.84 7499.04 7498.84 7498.23 7497.22 7495.81 7493.99 7491.77 7489.14 7486.09 7482.6 7478.65 
7475.67 7470.9 7465.6 7459.72 7453.2 7445.99 7438.09 7429.65 7421.21 7414.09 7410.8 7414.09 7421.21 7429.65 7438.09 7445.99 7453.2 7459.72 7465.6 7470.9 7475.67 7479.95 7483.79 7487.2 7490.21 7492.81 7495.01 7496.82 7498.23 7499.25 7499.85 7500.06 7499.85 7499.25 7498.23 7496.82 7495.01 7492.81 7490.21 7487.2 7483.79 7479.95 
7477.6 7473.11 7468.19 7462.85 7457.08 7450.93 7444.51 7438.09 7432.2 7427.76 7425.99 7427.76 7432.2 7438.09 7444.51 7450.93 7457.08 7462.85 7468.19 7473.11 7477.6 7481.7 7485.4 7488.73 7491.67 7494.24 7496.43 7498.23 7499.65 7500.66 7501.27 7501.47 7501.27 7500.66 7499.65 7498.23 7496.43 7494.24 7491.67 7488.73 7485.4 7481.7 
7479.94 7475.73 7471.21 7466.4 7461.35 7456.14 7450.93 7445.99 7441.74 7438.76 7437.66 7438.76 7441.74 7445.99 7450.93 7456.14 7461.35 7466.4 7471.21 7475.73 7479.94 7483.84 7487.4 7490.63 7493.52 7496.06 7498.23 7500.04 7501.46 7502.48 7503.09 7503.3 7503.09 7502.48 7501.46 7500.04 7498.23 7496.06 7493.52 7490.63 7487.4 7483.84 
7482.6 7478.67 7474.52 7470.2 7465.77 7461.35 7457.08 7453.2 7450.01 7447.88 7447.12 7447.88 7450.01 7453.2 7457.08 7461.35 7465.77 7470.2 7474.52 7478.67 7482.6 7486.3 7489.73 7492.87 7495.72 7498.23 7500.41 7502.23 7503.66 7504.7 7505.33 7505.54 7505.33 7504.7 7503.66 7502.23 7500.41 7498.23 7495.72 7492.87 7489.73 7486.3 
7485.51 7481.81 7477.99 7474.09 7470.2 7466.4 7462.85 7459.72 7457.24 7455.62 7455.05 7455.62 7457.24 7459.72 7462.85 7466.4 7470.2 7474.09 7477.99 7481.81 7485.51 7489.03 7492.34 7495.42 7498.23 7500.75 7502.95 7504.8 7506.26 7507.33 7507.98 7508.2 7507.98 7507.33 7506.26 7504.8 7502.95 7500.75 7498.23 7495.42 7492.34 7489.03 
7488.58 7485.09 7481.54 7477.99 7474.52 7471.21 7468.19 7465.6 7463.59 7462.31 7461.87 7462.31 7463.59 7465.6 7468.19 7471.21 7474.52 7477.99 7481.54 7485.09 7488.58 7491.96 7495.19 7498.23 7501.05 7503.6 7505.84 7507.74 7509.27 7510.38 7511.07 7511.29 7511.07 7510.38 7509.27 7507.74 7505.84 7503.6 7501.05 7498.23 7495.19 7491.96 
7491.76 7488.43 7485.09 7481.81 7478.67 7475.73 7473.11 7470.9 7469.21 7468.15 7467.79 7468.15 7469.21 7470.9 7473.11 7475.73 7478.67 7481.81 7485.09 7488.43 7491.76 7495.05 7498.23 7501.28 7504.13 7506.74 7509.07 7511.07 7512.68 7513.87 7514.6 7514.85 7514.6 7513.87 7512.68 7511.07 7509.07 7506.74 7504.13 7501.28 7498.23 7495.05 
7495 7491.76 7488.58 7485.51 7482.6 7479.94 7477.6 7475.67 7474.21 7473.3 7473 7473.3 7474.21 7475.67 7477.6 7479.94 7482.6 7485.51 7488.58 7491.76 7495 7498.23 7501.42 7504.51 7507.44 7510.17 7512.64 7514.78 7516.53 7517.83 7518.63 7518.9 7518.63 7517.83 7516.53 7514.78 7512.64 7510.17 7507.44 7504.51 7501.42 7498.23 
7498.23 7495.05 7491.96 7489.03 7486.3 7483.84 7481.7 7479.95 7478.65 7477.85 7477.58 7477.85 7478.65 7479.95 7481.7 7483.84 7486.3 7489.03 7491.96 7495.05 7498.23 7501.47 7504.71 7507.89 7510.97 7513.87 7516.53 7518.88 7520.82 7522.28 7523.18 7523.49 7523.18 7522.28 7520.82 7518.88 7516.53 7513.87 7510.97 7507.89 7504.71 7501.47 
7501.42 7498.23 7495.19 7492.34 7489.73 7487.4 7485.4 7483.79 7482.6 7481.87 7481.63 7481.87 7482.6 7483.79 7485.4 7487.4 7489.73 7492.34 7495.19 7498.23 7501.42 7504.71 7508.04 7511.38 7514.66 7517.81 7520.75 7523.38 7525.59 7527.28 7528.34 7528.7 7528.34 7527.28 7525.59 7523.38 7520.75 7517.81 7514.66 7511.38 7508.04 7504.71 
7504.51 7501.28 7498.23 7495.42 7492.87 7490.63 7488.73 7487.2 7486.09 7485.41 7485.18 7485.41 7486.09 7487.2 7488.73 7490.63 7492.87 7495.42 7498.23 7501.28 7504.51 7507.89 7511.38 7514.93 7518.49 7521.97 7525.28 7528.3 7530.9 7532.91 7534.2 7534.64 7534.2 7532.91 7530.9 7528.3 7525.28 7521.97 7518.49 7514.93 7511.38 7507.89 
7507.44 7504.13 7501.05 7498.23 7495.72 7493.52 7491.67 7490.21 7489.14 7488.49 7488.27 7488.49 7489.14 7490.21 7491.67 7493.52 7495.72 7498.23 7501.05 7504.13 7507.44 7510.97 7514.66 7518.49 7522.39 7526.29 7530.1 7533.65 7536.79 7539.28 7540.9 7541.47 7540.9 7539.28 7536.79 7533.65 7530.1 7526.29 7522.39 7518.49 7514.66 7510.97 
7510.17 7506.74 7503.6 7500.75 7498.23 7496.06 7494.24 7492.81 7491.77 7491.14 7490.93 7491.14 7491.77 7492.81 7494.24 7496.06 7498.23 7500.75 7503.6 7506.74 7510.17 7513.87 7517.81 7521.97 7526.29 7530.73 7535.16 7539.43 7543.32 7546.52 7548.66 7549.43 7548.66 7546.52 7543.32 7539.43 7535.16 7530.73 7526.29 7521.97 7517.81 7513.87 
7512.64 7509.07 7505.84 7502.95 7500.41 7498.23 7496.43 7495.01 7493.99 7493.38 7493.17 7493.38 7493.99 7495.01 7496.43 7498.23 7500.41 7502.95 7505.84 7509.07 7512.64 7516.53 7520.75 7525.28 7530.1 7535.16 7540.38 7545.6 7550.56 7554.82 7557.81 7558.92 7557.81 7554.82 7550.56 7545.6 7540.38 7535.16 7530.1 7525.28 7520.75 7516.53 
7514.78 7511.07 7507.74 7504.8 7502.23 7500.04 7498.23 7496.82 7495.81 7495.2 7495 7495.2 7495.81 7496.82 7498.23 7500.04 7502.23 7504.8 7507.74 7511.07 7514.78 7518.88 7523.38 7528.3 7533.65 7539.43 7545.6 7552.04 7558.49 7564.4 7568.85 7570.63 7568.85 7564.4 7558.49 7552.04 7545.6 7539.43 7533.65 7528.3 7523.38 7518.88 
7516.53 7512.68 7509.27 7506.26 7503.66 7501.46 7499.65 7498.23 7497.22 7496.62 7496.41 7496.62 7497.22 7498.23 7499.65 7501.46 7503.66 7506.26 7509.27 7512.68 7516.53 7520.82 7525.59 7530.9 7536.79 7543.32 7550.56 7558.49 7566.96 7575.43 7582.58 7585.89 7582.58 7575.43 7566.96 7558.49 7550.56 7543.32 7536.79 7530.9 7525.59 7520.82 
7517.83 7513.87 7510.38 7507.33 7504.7 7502.48 7500.66 7499.25 7498.23 7497.63 7497.43 7497.63 7498.23 7499.25 7500.66 7502.48 7504.7 7507.33 7510.38 7513.87 7517.83 7522.28 7527.28 7532.91 7539.28 7546.52 7554.82 7564.4 7575.43 7587.8 7600.17 7607.78 7600.17 7587.8 7575.43 7564.4 7554.82 7546.52 7539.28 7532.91 7527.28 7522.28 
7518.63 7514.6 7511.07 7507.98 7505.33 7503.09 7501.27 7499.85 7498.84 7498.23 7498.03 7498.23 7498.84 7499.85 7501.27 7503.09 7505.33 7507.98 7511.07 7514.6 7518.63 7523.18 7528.34 7534.2 7540.9 7548.66 7557.81 7568.85 7582.58 7600.17 7622.54 7644.92 7622.54 7600.17 7582.58 7568.85 7557.81 7548.66 7540.9 7534.2 7528.34 7523.18 
7518.9 7514.85 7511.29 7508.2 7505.54 7503.3 7501.47 7500.06 7499.04 7498.44 7498.23 7498.44 7499.04 7500.06 7501.47 7503.3 7505.54 7508.2 7511.29 7514.85 7518.9 7523.49 7528.7 7534.64 7541.47 7549.43 7558.92 7570.63 7585.89 7607.78 7644.92 7727 7644.92 7607.78 7585.89 7570.63 7558.92 7549.43 7541.47 7534.64 7528.7 7523.49 
7518.63 7514.6 7511.07 7507.98 7505.33 7503.09 7501.27 7499.85 7498.84 7498.23 7498.03 7498.23 7498.84 7499.85 7501.27 7503.09 7505.33 7507.98 7511.07 7514.6 7518.63 7523.18 7528.34 7534.2 7540.9 7548.66 7557.81 7568.85 7582.58 7600.17 7622.54 7644.92 7622.54 7600.17 7582.58 7568.85 7557.81 7548.66 7540.9 7534.2 7528.34 7523.18 
7517.83 7513.87 7510.38 7507.33 7504.7 7502.48 7500.66 7499.25 7498.23 7497.63 7497.43 7497.63 7498.23 7499.25 7500.66 7502.48 7504.7 7507.33 7510.38 7513.87 7517.83 7522.28 7527.28 7532.91 7539.28 7546.52 7554.82 7564.4 7575.43 7587.8 7600.17 7607.78 7600.17 7587.8 7575.43 7564.4 7554.82 7546.52 7539.28 7532.91 7527.28 7522.28 
7516.53 7512.68 7509.27 7506.26 7503.66 7501.46 7499.65 7498.23 7497.22 7496.62 7496.41 7496.62 7497.22 7498.23 7499.65 7501.46 7503.66 7506.26 7509.27 7512.68 7516.53 7520.82 7525.59 7530.9 7536.79 7543.32 7550.56 7558.49 7566.96 7575.43 7582.58 7585.89 7582.58 7575.43 7566.96 7558.49 7550.56 7543.32 7536.79 7530.9 7525.59 7520.82 
7514.78 7511.07 7507.74 7504.8 7502.23 7500.04 7498.23 7496.82 7495.81 7495.2 7495 7495.2 7495.81 7496.82 7498.23 7500.04 7502.23 7504.8 7507.74 7511.07 7514.78 7518.88 7523.38 7528.3 7533.65 7539.43 7545.6 7552.04 7558.49 7564.4 7568.85 7570.63 7568.85 7564.4 7558.49 7552.04 7545.6 7539.43 7533.65 7528.3 7523.38 7518.88 
7512.64 7509.07 7505.84 7502.95 7500.41 7498.23 7496.43 7495.01 7493.99 7493.38 7493.17 7493.38 7493.99 7495.01 7496.43 7498.23 7500.41 7502.95 7505.84 7509.07 7512.64 7516.53 7520.75 7525.28 7530.1 7535.16 7540.38 7545.6 7550.56 7554.82 7557.81 7558.92 7557.81 7554.82 7550.56 7545.6 7540.38 7535.16 7530.1 7525.28 7520.75 7516.53 
7510.17 7506.74 7503.6 7500.75 7498.23 7496.06 7494.24 7492.81 7491.77 7491.14 7490.93 7491.14 7491.77 7492.81 7494.24 7496.06 7498.23 7500.75 7503.6 7506.74 7510.17 7513.87 7517.81 7521.97 7526.29 7530.73 7535.16 7539.43 7543.32 7546.52 7548.66 7549.43 7548.66 7546.52 7543.32 7539.43 7535.16 7530.73 7526.29 7521.97 7517.81 7513.87 
7507.44 7504.13 7501.05 7498.23 7495.72 7493.52 7491.67 7490.21 7489.14 7488.49 7488.27 7488.49 7489.14 7490.21 7491.67 7493.52 7495.72 7498.23 7501.05 7504.13 7507.44 7510.97 7514.66 7518.49 7522.39 7526.29 7530.1 7533.65 7536.79 7539.28 7540.9 7541.47 7540.9 7539.28 7536.79 7533.65 7530.1 7526.29 7522.39 7518.49 7514.66 7510.97 
7504.51 7501.28 7498.23 7495.42 7492.87 7490.63 7488.73 7487.2 7486.09 7485.41 7485.18 7485.41 7486.09 7487.2 7488.73 7490.63 7492.87 7495.42 7498.23 7501.28 7504.51 7507.89 7511.38 7514.93 7518.49 7521.97 7525.28 7528.3 7530.9 7532.91 7534.2 7534.64 7534.2 7532.91 7530.9 7528.3 7525.28 7521.97 7518.49 7514.93 7511.38 7507.89 
7501.42 7498.23 7495.19 7492.34 7489.73 7487.4 7485.4 7483.79 7482.6 7481.87 7481.63 7481.87 7482.6 7483.79 7485.4 7487.4 7489.73 7492.34 7495.19 7498.23 7501.42 7504.71 7508.04 7511.38 7514.66 7517.81 7520.75 7523.38 7525.59 7527.28 7528.34 7528.7 7528.34 7527.28 7525.59 7523.38 7520.75 7517.81 7514.66 7511.38 7508.04 7504.71 
7498.23 7495.05 7491.96 7489.03 7486.3 7483.84 7481.7 7479.95 7478.65 7477.85 7477.58 7477.85 7478.65 7479.95 7481.7 7483.84 7486.3 7489.03 7491.96 7495.05 7498.23 7501.47 7504.71 7507.89 7510.97 7513.87 7516.53 7518.88 7520.82 7522.28 7523.18 7523.49 7523.18 7522.28 7520.82 7518.88 7516.53 7513.87 7510.97 7507.89 7504.71 7501.47 
