7494.99 7491.75 7488.57 7485.49 7482.58 7479.92 7477.57 7475.63 7474.17 7473.26 7472.96 7473.26 7474.17 7475.63 7477.57 7479.92 7482.58 7485.49 7488.57 7491.75 7494.99 7498.23 7501.43 7504.52 7507.46 7510.19 7512.66 7514.8 7516.56 7517.86 7518.66 7518.93 7518.66 7517.86 7516.56 7514.8 7512.66 7510.19 7507.46 7504.52 7501.43 7498.23 
7491.75 7488.41 7485.07 7481.79 7478.64 7475.7 7473.07 7470.86 7469.17 7468.11 7467.75 7468.11 7469.17 7470.86 7473.07 7475.7 7478.64 7481.79 7485.07 7488.41 7491.75 7495.04 7498.23 7501.28 7504.14 7506.76 7509.09 7511.09 7512.71 7513.9 7514.63 7514.88 7514.63 7513.9 7512.71 7511.09 7509.09 7506.76 7504.14 7501.28 7498.23 7495.04 
7488.57 7485.07 7481.52 7477.96 7474.48 7471.17 7468.15 7465.55 7463.54 7462.26 7461.82 7462.26 7463.54 7465.55 7468.15 7471.17 7474.48 7477.96 7481.52 7485.07 7488.57 7491.95 7495.19 7498.23 7501.05 7503.6 7505.85 7507.76 7509.29 7510.41 7511.09 7511.32 7511.09 7510.41 7509.29 7507.76 7505.85 7503.6 7501.05 7498.23 7495.19 7491.95 
7485.49 7481.79 7477.96 7474.06 7470.16 7466.36 7462.8 7459.67 7457.18 7455.56 7455 7455.56 7457.18 7459.67 7462.8 7466.36 7470.16 7474.06 7477.96 7481.79 7485.49 7489.01 7492.33 7495.42 7498.23 7500.76 7502.96 7504.81 7506.28 7507.35 7508 7508.22 7508 7507.35 7506.28 7504.81 7502.96 7500.76 7498.23 7495.42 7492.33 7489.01 
7482.58 7478.64 7474.48 7470.16 7465.73 7461.3 7457.03 7453.15 7449.96 7447.82 7447.06 7447.82 7449.96 7453.15 7457.03 7461.3 7465.73 7470.16 7474.48 7478.64 7482.58 7486.28 7489.71 7492.86 7495.71 7498.23 7500.41 7502.23 7503.67 7504.71 7505.34 7505.55 7505.34 7504.71 7503.67 7502.23 7500.41 7498.23 7495.71 7492.86 7489.71 7486.28 
7479.92 7475.7 7471.17 7466.36 7461.3 7456.09 7450.87 7445.93 7441.68 7438.7 7437.59 7438.7 7441.68 7445.93 7450.87 7456.09 7461.3 7466.36 7471.17 7475.7 7479.92 7483.81 7487.38 7490.62 7493.51 7496.05 7498.23 7500.04 7501.46 7502.48 7503.1 7503.31 7503.1 7502.48 7501.46 7500.04 7498.23 7496.05 7493.51 7490.62 7487.38 7483.81 
7477.57 7473.07 7468.15 7462.8 7457.03 7450.87 7444.45 7438.02 7432.13 7427.69 7425.93 7427.69 7432.13 7438.02 7444.45 7450.87 7457.03 7462.8 7468.15 7473.07 7477.57 7481.67 7485.38 7488.71 7491.66 7494.24 7496.43 7498.23 7499.65 7500.66 7501.28 7501.48 7501.28 7500.66 7499.65 7498.23 7496.43 7494.24 7491.66 7488.71 7485.38 7481.67 
7475.63 7470.86 7465.55 7459.67 7453.15 7445.93 7438.02 7429.58 7421.14 7414.02 7410.73 7414.02 7421.14 7429.58 7438.02 7445.93 7453.15 7459.67 7465.55 7470.86 7475.63 7479.92 7483.77 7487.18 7490.19 7492.8 7495.01 7496.82 7498.23 7499.25 7499.86 7500.06 7499.86 7499.25 7498.23 7496.82 7495.01 7492.8 7490.19 7487.18 7483.77 7479.92 
7474.17 7469.17 7463.54 7457.18 7449.96 7441.68 7432.13 7421.14 7408.83 7396.53 7388.96 7396.53 7408.83 7421.14 7432.13 7441.68 7449.96 7457.18 7463.54 7469.17 7474.17 7478.62 7482.57 7486.07 7489.12 7491.76 7493.98 7495.8 7497.22 7498.23 7498.84 7499.05 7498.84 7498.23 7497.22 7495.8 7493.98 7491.76 7489.12 7486.07 7482.57 7478.62 
7473.26 7468.11 7462.26 7455.56 7447.82 7438.7 7427.69 7414.02 7396.53 7374.3 7352.09 7374.3 7396.53 7414.02 7427.69 7438.7 7447.82 7455.56 7462.26 7468.11 7473.26 7477.82 7481.84 7485.38 7488.47 7491.13 7493.37 7495.19 7496.61 7497.63 7498.23 7498.44 7498.23 7497.63 7496.61 7495.19 7493.37 7491.13 7488.47 7485.38 7481.84 7477.82 
7472.96 7467.75 7461.82 7455 7447.06 7437.59 7425.93 7410.73 7388.96 7352.09 7270.91 7352.09 7388.96 7410.73 7425.93 7437.59 7447.06 7455 7461.82 7467.75 7472.96 7477.55 7481.6 7485.16 7488.26 7490.92 7493.16 7494.99 7496.41 7497.42 7498.03 7498.23 7498.03 7497.42 7496.41 7494.99 7493.16 7490.92 7488.26 7485.16 7481.6 7477.55 
7473.26 7468.11 7462.26 7455.56 7447.82 7438.7 7427.69 7414.02 7396.53 7374.3 7352.09 7374.3 7396.53 7414.02 7427.69 7438.7 7447.82 7455.56 7462.26 7468.11 7473.26 7477.82 7481.84 7485.38 7488.47 7491.13 7493.37 7495.19 7496.61 7497.63 7498.23 7498.44 7498.23 7497.63 7496.61 7495.19 7493.37 7491.13 7488.47 7485.38 7481.84 7477.82 
7474.17 7469.17 7463.54 7457.18 7449.96 7441.68 7432.13 7421.14 7408.83 7396.53 7388.96 7396.53 7408.83 7421.14 7432.13 7441.68 7449.96 7457.18 7463.54 7469.17 7474.17 7478.62 7482.57 7486.07 7489.12 7491.76 7493.98 7495.8 7497.22 7498.23 7498.84 7499.05 7498.84 7498.23 7497.22 7495.8 7493.98 7491.76 7489.12 7486.07 7482.57 7478.62 
7475.63 7470.86 7465.55 7459.67 7453.15 7445.93 7438.02 7429.58 7421.14 7414.02 7410.73 7414.02 7421.14 7429.58 7438.02 7445.93 7453.15 7459.67 7465.55 7470.86 7475.63 7479.92 7483.77 7487.18 7490.19 7492.8 7495.01 7496.82 7498.23 7499.25 7499.86 7500.06 7499.86 7499.25 7498.23 7496.82 7495.01 7492.8 7490.19 7487.18 7483.77 7479.92 
7477.57 7473.07 7468.15 7462.8 7457.03 7450.87 7444.45 7438.02 7432.13 7427.69 7425.93 7427.69 7432.13 7438.02 7444.45 7450.87 7457.03 7462.8 7468.15 7473.07 7477.57 7481.67 7485.38 7488.71 7491.66 7494.24 7496.43 7498.23 7499.65 7500.66 7501.28 7501.48 7501.28 7500.66 7499.65 7498.23 7496.43 7494.24 7491.66 7488.71 7485.38 7481.67 
7479.92 7475.7 7471.17 7466.36 7461.3 7456.09 7450.87 7445.93 7441.68 7438.7 7437.59 7438.7 7441.68 7445.93 7450.87 7456.09 7461.3 7466.36 7471.17 7475.7 7479.92 7483.81 7487.38 7490.62 7493.51 7496.05 7498.23 7500.04 7501.46 7502.48 7503.1 7503.31 7503.1 7502.48 7501.46 7500.04 7498.23 7496.05 7493.51 7490.62 7487.38 7483.81 
7482.58 7478.64 7474.48 7470.16 7465.73 7461.3 7457.03 7453.15 7449.96 7447.82 7447.06 7447.82 7449.96 7453.15 7457.03 7461.3 7465.73 7470.16 7474.48 7478.64 7482.58 7486.28 7489.71 7492.86 7495.71 7498.23 7500.41 7502.23 7503.67 7504.71 7505.34 7505.55 7505.34 7504.71 7503.67 7502.23 7500.41 7498.23 7495.71 7492.86 7489.71 7486.28 
7485.49 7481.79 7477.96 7474.06 7470.16 7466.36 7462.8 7459.67 7457.18 7455.56 7455 7455.56 7457.18 7459.67 7462.8 7466.36 7470.16 7474.06 7477.96 7481.79 7485.49 7489.01 7492.33 7495.42 7498.23 7500.76 7502.96 7504.81 7506.28 7507.35 7508 7508.22 7508 7507.35 7506.28 7504.81 7502.96 7500.76 7498.23 7495.42 7492.33 7489.01 
7488.57 7485.07 7481.52 7477.96 7474.48 7471.17 7468.15 7465.55 7463.54 7462.26 7461.82 7462.26 7463.54 7465.55 7468.15 7471.17 7474.48 7477.96 7481.52 7485.07 7488.57 7491.95 7495.19 7498.23 7501.05 7503.6 7505.85 7507.76 7509.29 7510.41 7511.09 7511.32 7511.09 7510.41 7509.29 7507.76 7505.85 7503.6 7501.05 7498.23 7495.19 7491.95 
7491.75 7488.41 7485.07 7481.79 7478.64 7475.7 7473.07 7470.86 7469.17 7468.11 7467.75 7468.11 7469.17 7470.86 7473.07 7475.7 7478.64 7481.79 7485.07 7488.41 7491.75 7495.04 7498.23 7501.28 7504.14 7506.76 7509.09 7511.09 7512.71 7513.9 7514.63 7514.88 7514.63 7513.9 7512.71 7511.09 7509.09 7506.76 7504.14 7501.28 7498.23 7495.04 
7494.99 7491.75 7488.57 7485.49 7482.58 7479.92 7477.57 7475.63 7474.17 7473.26 7472.96 7473.26 7474.17 7475.63 7477.57 7479.92 7482.58 7485.49 7488.57 7491.75 7494.99 7498.23 7501.43 7504.52 7507.46 7510.19 7512.66 7514.8 7516.56 7517.86 7518.66 7518.93 7518.66 7517.86 7516.56 7514.8 7512.66 7510.19 7507.46 7504.52 7501.43 7498.23 
7498.23 7495.04 7491.95 7489.01 7486.28 7483.81 7481.67 7479.92 7478.62 7477.82 7477.55 7477.82 7478.62 7479.92 7481.67 7483.81 7486.28 7489.01 7491.95 7495.04 7498.23 7501.48 7504.72 7507.91 7510.99 7513.9 7516.56 7518.91 7520.85 7522.31 7523.22 7523.53 7523.22 7522.31 7520.85 7518.91 7516.56 7513.9 7510.99 7507.91 7504.72 7501.48 
7501.43 7498.23 7495.19 7492.33 7489.71 7487.38 7485.38 7483.77 7482.57 7481.84 7481.6 7481.84 7482.57 7483.77 7485.38 7487.38 7489.71 7492.33 7495.19 7498.23 7501.43 7504.72 7508.06 7511.4 7514.69 7517.84 7520.79 7523.42 7525.63 7527.32 7528.38 7528.75 7528.38 7527.32 7525.63 7523.42 7520.79 7517.84 7514.69 7511.4 7508.06 7504.72 
7504.52 7501.28 7498.23 7495.42 7492.86 7490.62 7488.71 7487.18 7486.07 7485.38 7485.16 7485.38 7486.07 7487.18 7488.71 7490.62 7492.86 7495.42 7498.23 7501.28 7504.52 7507.91 7511.4 7514.96 7518.52 7522 7525.32 7528.35 7530.95 7532.96 7534.25 7534.69 7534.25 7532.96 7530.95 7528.35 7525.32 7522 7518.52 7514.96 7511.4 7507.91 
7507.46 7504.14 7501.05 7498.23 7495.71 7493.51 7491.66 7490.19 7489.12 7488.47 7488.26 7488.47 7489.12 7490.19 7491.66 7493.51 7495.71 7498.23 7501.05 7504.14 7507.46 7510.99 7514.69 7518.52 7522.43 7526.33 7530.14 7533.7 7536.84 7539.33 7540.96 7541.52 7540.96 7539.33 7536.84 7533.7 7530.14 7526.33 7522.43 7518.52 7514.69 7510.99 
7510.19 7506.76 7503.6 7500.76 7498.23 7496.05 7494.24 7492.8 7491.76 7491.13 7490.92 7491.13 7491.76 7492.8 7494.24 7496.05 7498.23 7500.76 7503.6 7506.76 7510.19 7513.9 7517.84 7522 7526.33 7530.77 7535.21 7539.49 7543.38 7546.58 7548.72 7549.49 7548.72 7546.58 7543.38 7539.49 7535.21 7530.77 7526.33 7522 7517.84 7513.9 
7512.66 7509.09 7505.85 7502.96 7500.41 7498.23 7496.43 7495.01 7493.98 7493.37 7493.16 7493.37 7493.98 7495.01 7496.43 7498.23 7500.41 7502.96 7505.85 7509.09 7512.66 7516.56 7520.79 7525.32 7530.14 7535.21 7540.43 7545.66 7550.62 7554.88 7557.88 7558.98 7557.88 7554.88 7550.62 7545.66 7540.43 7535.21 7530.14 7525.32 7520.79 7516.56 
7514.8 7511.09 7507.76 7504.81 7502.23 7500.04 7498.23 7496.82 7495.8 7495.19 7494.99 7495.19 7495.8 7496.82 7498.23 7500.04 7502.23 7504.81 7507.76 7511.09 7514.8 7518.91 7523.42 7528.35 7533.7 7539.49 7545.66 7552.1 7558.55 7564.46 7568.92 7570.69 7568.92 7564.46 7558.55 7552.1 7545.66 7539.49 7533.7 7528.35 7523.42 7518.91 
7516.56 7512.71 7509.29 7506.28 7503.67 7501.46 7499.65 7498.23 7497.22 7496.61 7496.41 7496.61 7497.22 7498.23 7499.65 7501.46 7503.67 7506.28 7509.29 7512.71 7516.56 7520.85 7525.63 7530.95 7536.84 7543.38 7550.62 7558.55 7567.02 7575.5 7582.65 7585.96 7582.65 7575.5 7567.02 7558.55 7550.62 7543.38 7536.84 7530.95 7525.63 7520.85 
7517.86 7513.9 7510.41 7507.35 7504.71 7502.48 7500.66 7499.25 7498.23 7497.63 7497.42 7497.63 7498.23 7499.25 7500.66 7502.48 7504.71 7507.35 7510.41 7513.9 7517.86 7522.31 7527.32 7532.96 7539.33 7546.58 7554.88 7564.46 7575.5 7587.87 7600.24 7607.85 7600.24 7587.87 7575.5 7564.46 7554.88 7546.58 7539.33 7532.96 7527.32 7522.31 
7518.66 7514.63 7511.09 7508 7505.34 7503.1 7501.28 7499.86 7498.84 7498.23 7498.03 7498.23 7498.84 7499.86 7501.28 7503.1 7505.34 7508 7511.09 7514.63 7518.66 7523.22 7528.38 7534.25 7540.96 7548.72 7557.88 7568.92 7582.65 7600.24 7622.61 7645 7622.61 7600.24 7582.65 7568.92 7557.88 7548.72 7540.96 7534.25 7528.38 7523.22 
7518.93 7514.88 7511.32 7508.22 7505.55 7503.31 7501.48 7500.06 7499.05 7498.44 7498.23 7498.44 7499.05 7500.06 7501.48 7503.31 7505.55 7508.22 7511.32 7514.88 7518.93 7523.53 7528.75 7534.69 7541.52 7549.49 7558.98 7570.69 7585.96 7607.85 7645 7727.07 7645 7607.85 7585.96 7570.69 7558.98 7549.49 7541.52 7534.69 7528.75 7523.53 
7518.66 7514.63 7511.09 7508 7505.34 7503.1 7501.28 7499.86 7498.84 7498.23 7498.03 7498.23 7498.84 7499.86 7501.28 7503.1 7505.34 7508 7511.09 7514.63 7518.66 7523.22 7528.38 7534.25 7540.96 7548.72 7557.88 7568.92 7582.65 7600.24 7622.61 7645 7622.61 7600.24 7582.65 7568.92 7557.88 7548.72 7540.96 7534.25 7528.38 7523.22 
7517.86 7513.9 7510.41 7507.35 7504.71 7502.48 7500.66 7499.25 7498.23 7497.63 7497.42 7497.63 7498.23 7499.25 7500.66 7502.48 7504.71 7507.35 7510.41 7513.9 7517.86 7522.31 7527.32 7532.96 7539.33 7546.58 7554.88 7564.46 7575.5 7587.87 7600.24 7607.85 7600.24 7587.87 7575.5 7564.46 7554.88 7546.58 7539.33 7532.96 7527.32 7522.31 
7516.56 7512.71 7509.29 7506.28 7503.67 7501.46 7499.65 7498.23 7497.22 7496.61 7496.41 7496.61 7497.22 7498.23 7499.65 7501.46 7503.67 7506.28 7509.29 7512.71 7516.56 7520.85 7525.63 7530.95 7536.84 7543.38 7550.62 7558.55 7567.02 7575.5 7582.65 7585.96 7582.65 7575.5 7567.02 7558.55 7550.62 7543.38 7536.84 7530.95 7525.63 7520.85 
7514.8 7511.09 7507.76 7504.81 7502.23 7500.04 7498.23 7496.82 7495.8 7495.19 7494.99 7495.19 7495.8 7496.82 7498.23 7500.04 7502.23 7504.81 7507.76 7511.09 7514.8 7518.91 7523.42 7528.35 7533.7 7539.49 7545.66 7552.1 7558.55 7564.46 7568.92 7570.69 7568.92 7564.46 7558.55 7552.1 7545.66 7539.49 7533.7 7528.35 7523.42 7518.91 
7512.66 7509.09 7505.85 7502.96 7500.41 7498.23 7496.43 7495.01 7493.98 7493.37 7493.16 7493.37 7493.98 7495.01 7496.43 7498.23 7500.41 7502.96 7505.85 7509.09 7512.66 7516.56 7520.79 7525.32 7530.14 7535.21 7540.43 7545.66 7550.62 7554.88 7557.88 7558.98 7557.88 7554.88 7550.62 7545.66 7540.43 7535.21 7530.14 7525.32 7520.79 7516.56 
7510.19 7506.76 7503.6 7500.76 7498.23 7496.05 7494.24 7492.8 7491.76 7491.13 7490.92 7491.13 7491.76 7492.8 7494.24 7496.05 7498.23 7500.76 7503.6 7506.76 7510.19 7513.9 7517.84 7522 7526.33 7530.77 7535.21 7539.49 7543.38 7546.58 7548.72 7549.49 7548.72 7546.58 7543.38 7539.49 7535.21 7530.77 7526.33 7522 7517.84 7513.9 
7507.46 7504.14 7501.05 7498.23 7495.71 7493.51 7491.66 7490.19 7489.12 7488.47 7488.26 7488.47 7489.12 7490.19 7491.66 7493.51 7495.71 7498.23 7501.05 7504.14 7507.46 7510.99 7514.69 7518.52 7522.43 7526.33 7530.14 7533.7 7536.84 7539.33 7540.96 7541.52 7540.96 7539.33 7536.84 7533.7 7530.14 7526.33 7522.43 7518.52 7514.69 7510.99 
7504.52 7501.28 7498.23 7495.42 7492.86 7490.62 7488.71 7487.18 7486.07 7485.38 7485.16 7485.38 7486.07 7487.18 7488.71 7490.62 7492.86 7495.42 7498.23 7501.28 7504.52 7507.91 7511.4 7514.96 7518.52 7522 7525.32 7528.35 7530.95 7532.96 7534.25 7534.69 7534.25 7532.96 7530.95 7528.35 7525.32 7522 7518.52 7514.96 7511.4 7507.91 
7501.43 7498.23 7495.19 7492.33 7489.71 7487.38 7485.38 7483.77 7482.57 7481.84 7481.6 7481.84 7482.57 7483.77 7485.38 7487.38 7489.71 7492.33 7495.19 7498.23 7501.43 7504.72 7508.06 7511.4 7514.69 7517.84 7520.79 7523.42 7525.63 7527.32 7528.38 7528.75 7528.38 7527.32 7525.63 7523.42 7520.79 7517.84 7514.69 7511.4 7508.06 7504.72 
7498.23 7495.04 7491.95 7489.01 7486.28 7483.81 7481.67 7479.92 7478.62 7477.82 7477.55 7477.82 7478.62 7479.92 7481.67 7483.81 7486.28 7489.01 7491.95 7495.04 7498.23 7501.48 7504.72 7507.91 7510.99 7513.9 7516.56 7518.91 7520.85 7522.31 7523.22 7523.53 7523.22 7522.31 7520.85 7518.91 7516.56 7513.9 7510.99 7507.91 7504.72 7501.48 
