7495 7491.76 7488.58 7485.5 7482.6 7479.94 7477.6 7475.66 7474.2 7473.29 7472.99 7473.29 7474.2 7475.66 7477.6 7479.94 7482.6 7485.5 7488.58 7491.76 7495 7498.23 7501.42 7504.51 7507.45 7510.18 7512.64 7514.78 7516.53 7517.83 7518.64 7518.91 7518.64 7517.83 7516.53 7514.78 7512.64 7510.18 7507.45 7504.51 7501.42 7498.23 
7491.76 7488.42 7485.09 7481.81 7478.66 7475.72 7473.1 7470.89 7469.2 7468.14 7467.78 7468.14 7469.2 7470.89 7473.1 7475.72 7478.66 7481.81 7485.09 7488.42 7491.76 7495.05 7498.23 7501.28 7504.13 7506.74 7509.08 7511.07 7512.69 7513.88 7514.61 7514.86 7514.61 7513.88 7512.69 7511.07 7509.08 7506.74 7504.13 7501.28 7498.23 7495.05 
7488.58 7485.09 7481.54 7477.99 7474.51 7471.2 7468.18 7465.59 7463.58 7462.3 7461.85 7462.3 7463.58 7465.59 7468.18 7471.2 7474.51 7477.99 7481.54 7485.09 7488.58 7491.96 7495.19 7498.23 7501.05 7503.6 7505.84 7507.75 7509.27 7510.39 7511.07 7511.3 7511.07 7510.39 7509.27 7507.75 7505.84 7503.6 7501.05 7498.23 7495.19 7491.96 
7485.5 7481.81 7477.99 7474.09 7470.19 7466.39 7462.84 7459.71 7457.22 7455.61 7455.04 7455.61 7457.22 7459.71 7462.84 7466.39 7470.19 7474.09 7477.99 7481.81 7485.5 7489.02 7492.34 7495.42 7498.23 7500.75 7502.95 7504.8 7506.27 7507.34 7507.98 7508.2 7507.98 7507.34 7506.27 7504.8 7502.95 7500.75 7498.23 7495.42 7492.34 7489.02 
7482.6 7478.66 7474.51 7470.19 7465.76 7461.34 7457.07 7453.19 7450 7447.86 7447.1 7447.86 7450 7453.19 7457.07 7461.34 7465.76 7470.19 7474.51 7478.66 7482.6 7486.3 7489.73 7492.87 7495.71 7498.23 7500.41 7502.23 7503.66 7504.7 7505.33 7505.54 7505.33 7504.7 7503.66 7502.23 7500.41 7498.23 7495.71 7492.87 7489.73 7486.3 
7479.94 7475.72 7471.2 7466.39 7461.34 7456.13 7450.92 7445.98 7441.73 7438.74 7437.64 7438.74 7441.73 7445.98 7450.92 7456.13 7461.34 7466.39 7471.2 7475.72 7479.94 7483.83 7487.4 7490.63 7493.52 7496.06 7498.23 7500.04 7501.46 7502.48 7503.1 7503.3 7503.1 7502.48 7501.46 7500.04 7498.23 7496.06 7493.52 7490.63 7487.4 7483.83 
7477.6 7473.1 7468.18 7462.84 7457.07 7450.92 7444.49 7438.07 7432.18 7427.74 7425.98 7427.74 7432.18 7438.07 7444.49 7450.92 7457.07 7462.84 7468.18 7473.1 7477.6 7481.69 7485.4 7488.72 7491.67 7494.24 7496.43 7498.23 7499.65 7500.66 7501.27 7501.47 7501.27 7500.66 7499.65 7498.23 7496.43 7494.24 7491.67 7488.72 7485.4 7481.69 
7475.66 7470.89 7465.59 7459.71 7453.19 7445.98 7438.07 7429.63 7421.19 7414.08 7410.79 7414.08 7421.19 7429.63 7438.07 7445.98 7453.19 7459.71 7465.59 7470.89 7475.66 7479.95 7483.79 7487.2 7490.2 7492.81 7495.01 7496.82 7498.23 7499.25 7499.85 7500.06 7499.85 7499.25 7498.23 7496.82 7495.01 7492.81 7490.2 7487.2 7483.79 7479.95 
7474.2 7469.2 7463.58 7457.22 7450 7441.73 7432.18 7421.19 7408.89 7396.58 7389.02 7396.58 7408.89 7421.19 7432.18 7441.73 7450 7457.22 7463.58 7469.2 7474.2 7478.65 7482.6 7486.08 7489.14 7491.77 7493.99 7495.81 7497.22 7498.23 7498.84 7499.04 7498.84 7498.23 7497.22 7495.81 7493.99 7491.77 7489.14 7486.08 7482.6 7478.65 
7473.29 7468.14 7462.3 7455.61 7447.86 7438.74 7427.74 7414.08 7396.58 7374.36 7352.15 7374.36 7396.58 7414.08 7427.74 7438.74 7447.86 7455.61 7462.3 7468.14 7473.29 7477.85 7481.87 7485.4 7488.49 7491.14 7493.37 7495.2 7496.62 7497.63 7498.23 7498.44 7498.23 7497.63 7496.62 7495.2 7493.37 7491.14 7488.49 7485.4 7481.87 7477.85 
7472.99 7467.78 7461.85 7455.04 7447.1 7437.64 7425.98 7410.79 7389.02 7352.15 7270.96 7352.15 7389.02 7410.79 7425.98 7437.64 7447.1 7455.04 7461.85 7467.78 7472.99 7477.57 7481.62 7485.17 7488.27 7490.93 7493.17 7494.99 7496.41 7497.42 7498.03 7498.23 7498.03 7497.42 7496.41 7494.99 7493.17 7490.93 7488.27 7485.17 7481.62 7477.57 
7473.29 7468.14 7462.3 7455.61 7447.86 7438.74 7427.74 7414.08 7396.58 7374.36 7352.15 7374.36 7396.58 7414.08 7427.74 7438.74 7447.86 7455.61 7462.3 7468.14 7473.29 7477.85 7481.87 7485.4 7488.49 7491.14 7493.37 7495.2 7496.62 7497.63 7498.23 7498.44 7498.23 7497.63 7496.62 7495.2 7493.37 7491.14 7488.49 7485.4 7481.87 7477.85 
7474.2 7469.2 7463.58 7457.22 7450 7441.73 7432.18 7421.19 7408.89 7396.58 7389.02 7396.58 7408.89 7421.19 7432.18 7441.73 7450 7457.22 7463.58 7469.2 7474.2 7478.65 7482.6 7486.08 7489.14 7491.77 7493.99 7495.81 7497.22 7498.23 7498.84 7499.04 7498.84 7498.23 7497.22 7495.81 7493.99 7491.77 7489.14 7486.08 7482.6 7478.65 
7475.66 7470.89 7465.59 7459.71 7453.19 7445.98 7438.07 7429.63 7421.19 7414.08 7410.79 7414.08 7421.19 7429.63 7438.07 7445.98 7453.19 7459.71 7465.59 7470.89 7475.66 7479.95 7483.79 7487.2 7490.2 7492.81 7495.01 7496.82 7498.23 7499.25 7499.85 7500.06 7499.85 7499.25 7498.23 7496.82 7495.01 7492.81 7490.2 7487.2 7483.79 7479.95 
7477.6 7473.1 7468.18 7462.84 7457.07 7450.92 7444.49 7438.07 7432.18 7427.74 7425.98 7427.74 7432.18 7438.07 7444.49 7450.92 7457.07 7462.84 7468.18 7473.1 7477.6 7481.69 7485.4 7488.72 7491.67 7494.24 7496.43 7498.23 7499.65 7500.66 7501.27 7501.47 7501.27 7500.66 7499.65 7498.23 7496.43 7494.24 7491.67 7488.72 7485.4 7481.69 
7479.94 7475.72 7471.2 7466.39 7461.34 7456.13 7450.92 7445.98 7441.73 7438.74 7437.64 7438.74 7441.73 7445.98 7450.92 7456.13 7461.34 7466.39 7471.2 7475.72 7479.94 7483.83 7487.4 7490.63 7493.52 7496.06 7498.23 7500.04 7501.46 7502.48 7503.1 7503.3 7503.1 7502.48 7501.46 7500.04 7498.23 7496.06 7493.52 7490.63 7487.4 7483.83 
7482.6 7478.66 7474.51 7470.19 7465.76 7461.34 7457.07 7453.19 7450 7447.86 7447.1 7447.86 7450 7453.19 7457.07 7461.34 7465.76 7470.19 7474.51 7478.66 7482.6 7486.3 7489.73 7492.87 7495.71 7498.23 7500.41 7502.23 7503.66 7504.7 7505.33 7505.54 7505.33 7504.7 7503.66 7502.23 7500.41 7498.23 7495.71 7492.87 7489.73 7486.3 
7485.5 7481.81 7477.99 7474.09 7470.19 7466.39 7462.84 7459.71 7457.22 7455.61 7455.04 7455.61 7457.22 7459.71 7462.84 7466.39 7470.19 7474.09 7477.99 7481.81 7485.5 7489.02 7492.34 7495.42 7498.23 7500.75 7502.95 7504.8 7506.27 7507.34 7507.98 7508.2 7507.98 7507.34 7506.27 7504.8 7502.95 7500.75 7498.23 7495.42 7492.34 7489.02 
7488.58 7485.09 7481.54 7477.99 7474.51 7471.2 7468.18 7465.59 7463.58 7462.3 7461.85 7462.3 7463.58 7465.59 7468.18 7471.2 7474.51 7477.99 7481.54 7485.09 7488.58 7491.96 7495.19 7498.23 7501.05 7503.6 7505.84 7507.75 7509.27 7510.39 7511.07 7511.3 7511.07 7510.39 7509.27 7507.75 7505.84 7503.6 7501.05 7498.23 7495.19 7491.96 
7491.76 7488.42 7485.09 7481.81 7478.66 7475.72 7473.1 7470.89 7469.2 7468.14 7467.78 7468.14 7469.2 7470.89 7473.1 7475.72 7478.66 7481.81 7485.09 7488.42 7491.76 7495.05 7498.23 7501.28 7504.13 7506.74 7509.08 7511.07 7512.69 7513.88 7514.61 7514.86 7514.61 7513.88 7512.69 7511.07 7509.08 7506.74 7504.13 7501.28 7498.23 7495.05 
7495 7491.76 7488.58 7485.5 7482.6 7479.94 7477.6 7475.66 7474.2 7473.29 7472.99 7473.29 7474.2 7475.66 7477.6 7479.94 7482.6 7485.5 7488.58 7491.76 7495 7498.23 7501.42 7504.51 7507.45 7510.18 7512.64 7514.78 7516.53 7517.83 7518.64 7518.91 7518.64 7517.83 7516.53 7514.78 7512.64 7510.18 7507.45 7504.51 7501.42 7498.23 
7498.23 7495.05 7491.96 7489.02 7486.3 7483.83 7481.69 7479.95 7478.65 7477.85 7477.57 7477.85 7478.65 7479.95 7481.69 7483.83 7486.3 7489.02 7491.96 7495.05 7498.23 7501.47 7504.71 7507.89 7510.97 7513.88 7516.54 7518.88 7520.83 7522.28 7523.19 7523.5 7523.19 7522.28 7520.83 7518.88 7516.54 7513.88 7510.97 7507.89 7504.71 7501.47 
7501.42 7498.23 7495.19 7492.34 7489.73 7487.4 7485.4 7483.79 7482.6 7481.87 7481.62 7481.87 7482.6 7483.79 7485.4 7487.4 7489.73 7492.34 7495.19 7498.23 7501.42 7504.71 7508.05 7511.39 7514.67 7517.82 7520.76 7523.39 7525.6 7527.29 7528.35 7528.71 7528.35 7527.29 7525.6 7523.39 7520.76 7517.82 7514.67 7511.39 7508.05 7504.71 
7504.51 7501.28 7498.23 7495.42 7492.87 7490.63 7488.72 7487.2 7486.08 7485.4 7485.17 7485.4 7486.08 7487.2 7488.72 7490.63 7492.87 7495.42 7498.23 7501.28 7504.51 7507.89 7511.39 7514.94 7518.5 7521.98 7525.29 7528.31 7530.91 7532.93 7534.21 7534.65 7534.21 7532.93 7530.91 7528.31 7525.29 7521.98 7518.5 7514.94 7511.39 7507.89 
7507.45 7504.13 7501.05 7498.23 7495.71 7493.52 7491.67 7490.2 7489.14 7488.49 7488.27 7488.49 7489.14 7490.2 7491.67 7493.52 7495.71 7498.23 7501.05 7504.13 7507.45 7510.97 7514.67 7518.5 7522.4 7526.3 7530.11 7533.67 7536.8 7539.29 7540.91 7541.48 7540.91 7539.29 7536.8 7533.67 7530.11 7526.3 7522.4 7518.5 7514.67 7510.97 
7510.18 7506.74 7503.6 7500.75 7498.23 7496.06 7494.24 7492.81 7491.77 7491.14 7490.93 7491.14 7491.77 7492.81 7494.24 7496.06 7498.23 7500.75 7503.6 7506.74 7510.18 7513.88 7517.82 7521.98 7526.3 7530.74 7535.17 7539.45 7543.34 7546.53 7548.68 7549.44 7548.68 7546.53 7543.34 7539.45 7535.17 7530.74 7526.3 7521.98 7517.82 7513.88 
7512.64 7509.08 7505.84 7502.95 7500.41 7498.23 7496.43 7495.01 7493.99 7493.37 7493.17 7493.37 7493.99 7495.01 7496.43 7498.23 7500.41 7502.95 7505.84 7509.08 7512.64 7516.54 7520.76 7525.29 7530.11 7535.17 7540.39 7545.62 7550.57 7554.83 7557.83 7558.93 7557.83 7554.83 7550.57 7545.62 7540.39 7535.17 7530.11 7525.29 7520.76 7516.54 
7514.78 7511.07 7507.75 7504.8 7502.23 7500.04 7498.23 7496.82 7495.81 7495.2 7494.99 7495.2 7495.81 7496.82 7498.23 7500.04 7502.23 7504.8 7507.75 7511.07 7514.78 7518.88 7523.39 7528.31 7533.67 7539.45 7545.62 7552.06 7558.5 7564.41 7568.87 7570.64 7568.87 7564.41 7558.5 7552.06 7545.62 7539.45 7533.67 7528.31 7523.39 7518.88 
7516.53 7512.69 7509.27 7506.27 7503.66 7501.46 7499.65 7498.23 7497.22 7496.62 7496.41 7496.62 7497.22 7498.23 7499.65 7501.46 7503.66 7506.27 7509.27 7512.69 7516.53 7520.83 7525.6 7530.91 7536.8 7543.34 7550.57 7558.5 7566.97 7575.45 7582.6 7585.9 7582.6 7575.45 7566.97 7558.5 7550.57 7543.34 7536.8 7530.91 7525.6 7520.83 
7517.83 7513.88 7510.39 7507.34 7504.7 7502.48 7500.66 7499.25 7498.23 7497.63 7497.42 7497.63 7498.23 7499.25 7500.66 7502.48 7504.7 7507.34 7510.39 7513.88 7517.83 7522.28 7527.29 7532.93 7539.29 7546.53 7554.83 7564.41 7575.45 7587.81 7600.19 7607.8 7600.19 7587.81 7575.45 7564.41 7554.83 7546.53 7539.29 7532.93 7527.29 7522.28 
7518.64 7514.61 7511.07 7507.98 7505.33 7503.1 7501.27 7499.85 7498.84 7498.23 7498.03 7498.23 7498.84 7499.85 7501.27 7503.1 7505.33 7507.98 7511.07 7514.61 7518.64 7523.19 7528.35 7534.21 7540.91 7548.68 7557.83 7568.87 7582.6 7600.19 7622.55 7644.94 7622.55 7600.19 7582.6 7568.87 7557.83 7548.68 7540.91 7534.21 7528.35 7523.19 
7518.91 7514.86 7511.3 7508.2 7505.54 7503.3 7501.47 7500.06 7499.04 7498.44 7498.23 7498.44 7499.04 7500.06 7501.47 7503.3 7505.54 7508.2 7511.3 7514.86 7518.91 7523.5 7528.71 7534.65 7541.48 7549.44 7558.93 7570.64 7585.9 7607.8 7644.94 7727.01 7644.94 7607.8 7585.9 7570.64 7558.93 7549.44 7541.48 7534.65 7528.71 7523.5 
7518.64 7514.61 7511.07 7507.98 7505.33 7503.1 7501.27 7499.85 7498.84 7498.23 7498.03 7498.23 7498.84 7499.85 7501.27 7503.1 7505.33 7507.98 7511.07 7514.61 7518.64 7523.19 7528.35 7534.21 7540.91 7548.68 7557.83 7568.87 7582.6 7600.19 7622.55 7644.94 7622.55 7600.19 7582.6 7568.87 7557.83 7548.68 7540.91 7534.21 7528.35 7523.19 
7517.83 7513.88 7510.39 7507.34 7504.7 7502.48 7500.66 7499.25 7498.23 7497.63 7497.42 7497.63 7498.23 7499.25 7500.66 7502.48 7504.7 7507.34 7510.39 7513.88 7517.83 7522.28 7527.29 7532.93 7539.29 7546.53 7554.83 7564.41 7575.45 7587.81 7600.19 7607.8 7600.19 7587.81 7575.45 7564.41 7554.83 7546.53 7539.29 7532.93 7527.29 7522.28 
7516.53 7512.69 7509.27 7506.27 7503.66 7501.46 7499.65 7498.23 7497.22 7496.62 7496.41 7496.62 7497.22 7498.23 7499.65 7501.46 7503.66 7506.27 7509.27 7512.69 7516.53 7520.83 7525.6 7530.91 7536.8 7543.34 7550.57 7558.5 7566.97 7575.45 7582.6 7585.9 7582.6 7575.45 7566.97 7558.5 7550.57 7543.34 7536.8 7530.91 7525.6 7520.83 
7514.78 7511.07 7507.75 7504.8 7502.23 7500.04 7498.23 7496.82 7495.81 7495.2 7494.99 7495.2 7495.81 7496.82 7498.23 7500.04 7502.23 7504.8 7507.75 7511.07 7514.78 7518.88 7523.39 7528.31 7533.67 7539.45 7545.62 7552.06 7558.5 7564.41 7568.87 7570.64 7568.87 7564.41 7558.5 7552.06 7545.62 7539.45 7533.67 7528.31 7523.39 7518.88 
7512.64 7509.08 7505.84 7502.95 7500.41 7498.23 7496.43 7495.01 7493.99 7493.37 7493.17 7493.37 7493.99 7495.01 7496.43 7498.23 7500.41 7502.95 7505.84 7509.08 7512.64 7516.54 7520.76 7525.29 7530.11 7535.17 7540.39 7545.62 7550.57 7554.83 7557.83 7558.93 7557.83 7554.83 7550.57 7545.62 7540.39 7535.17 7530.11 7525.29 7520.76 7516.54 
7510.18 7506.74 7503.6 7500.75 7498.23 7496.06 7494.24 7492.81 7491.77 7491.14 7490.93 7491.14 7491.77 7492.81 7494.24 7496.06 7498.23 7500.75 7503.6 7506.74 7510.18 7513.88 7517.82 7521.98 7526.3 7530.74 7535.17 7539.45 7543.34 7546.53 7548.68 7549.44 7548.68 7546.53 7543.34 7539.45 7535.17 7530.74 7526.3 7521.98 7517.82 7513.88 
7507.45 7504.13 7501.05 7498.23 7495.71 7493.52 7491.67 7490.2 7489.14 7488.49 7488.27 7488.49 7489.14 7490.2 7491.67 7493.52 7495.71 7498.23 7501.05 7504.13 7507.45 7510.97 7514.67 7518.5 7522.4 7526.3 7530.11 7533.67 7536.8 7539.29 7540.91 7541.48 7540.91 7539.29 7536.8 7533.67 7530.11 7526.3 7522.4 7518.5 7514.67 7510.97 
7504.51 7501.28 7498.23 7495.42 7492.87 7490.63 7488.72 7487.2 7486.08 7485.4 7485.17 7485.4 7486.08 7487.2 7488.72 7490.63 7492.87 7495.42 7498.23 7501.28 7504.51 7507.89 7511.39 7514.94 7518.5 7521.98 7525.29 7528.31 7530.91 7532.93 7534.21 7534.65 7534.21 7532.93 7530.91 7528.31 7525.29 7521.98 7518.5 7514.94 7511.39 7507.89 
7501.42 7498.23 7495.19 7492.34 7489.73 7487.4 7485.4 7483.79 7482.6 7481.87 7481.62 7481.87 7482.6 7483.79 7485.4 7487.4 7489.73 7492.34 7495.19 7498.23 7501.42 7504.71 7508.05 7511.39 7514.67 7517.82 7520.76 7523.39 7525.6 7527.29 7528.35 7528.71 7528.35 7527.29 7525.6 7523.39 7520.76 7517.82 7514.67 7511.39 7508.05 7504.71 
7498.23 7495.05 7491.96 7489.02 7486.3 7483.83 7481.69 7479.95 7478.65 7477.85 7477.57 7477.85 7478.65 7479.95 7481.69 7483.83 7486.3 7489.02 7491.96 7495.05 7498.23 7501.47 7504.71 7507.89 7510.97 7513.88 7516.54 7518.88 7520.83 7522.28 7523.19 7523.5 7523.19 7522.28 7520.83 7518.88 7516.54 7513.88 7510.97 7507.89 7504.71 7501.47 
