7495.02 7491.8 7488.63 7485.57 7482.68 7480.03 7477.7 7475.77 7474.32 7473.41 7473.11 7473.41 7474.32 7475.77 7477.7 7480.03 7482.68 7485.57 7488.63 7491.8 7495.02 7498.23 7501.4 7504.48 7507.4 7510.12 7512.57 7514.7 7516.44 7517.73 7518.53 7518.8 7518.53 7517.73 7516.44 7514.7 7512.57 7510.12 7507.4 7504.48 7501.4 7498.23 
7491.8 7488.48 7485.15 7481.89 7478.76 7475.83 7473.22 7471.01 7469.34 7468.28 7467.92 7468.28 7469.34 7471.01 7473.22 7475.83 7478.76 7481.89 7485.15 7488.48 7491.8 7495.06 7498.23 7501.26 7504.1 7506.7 7509.02 7511 7512.61 7513.8 7514.52 7514.77 7514.52 7513.8 7512.61 7511 7509.02 7506.7 7504.1 7501.26 7498.23 7495.06 
7488.63 7485.15 7481.62 7478.08 7474.62 7471.33 7468.32 7465.73 7463.73 7462.45 7462.01 7462.45 7463.73 7465.73 7468.32 7471.33 7474.62 7478.08 7481.62 7485.15 7488.63 7491.99 7495.21 7498.23 7501.03 7503.57 7505.8 7507.69 7509.21 7510.32 7511 7511.23 7511 7510.32 7509.21 7507.69 7505.8 7503.57 7501.03 7498.23 7495.21 7491.99 
7485.57 7481.89 7478.08 7474.2 7470.32 7466.53 7462.99 7459.87 7457.39 7455.78 7455.21 7455.78 7457.39 7459.87 7462.99 7466.53 7470.32 7474.2 7478.08 7481.89 7485.57 7489.07 7492.37 7495.44 7498.23 7500.74 7502.93 7504.76 7506.22 7507.28 7507.93 7508.15 7507.93 7507.28 7506.22 7504.76 7502.93 7500.74 7498.23 7495.44 7492.37 7489.07 
7482.68 7478.76 7474.62 7470.32 7465.91 7461.49 7457.24 7453.36 7450.18 7448.05 7447.29 7448.05 7450.18 7453.36 7457.24 7461.49 7465.91 7470.32 7474.62 7478.76 7482.68 7486.36 7489.77 7492.9 7495.73 7498.23 7500.4 7502.2 7503.63 7504.66 7505.29 7505.5 7505.29 7504.66 7503.63 7502.2 7500.4 7498.23 7495.73 7492.9 7489.77 7486.36 
7480.03 7475.83 7471.33 7466.53 7461.49 7456.29 7451.09 7446.16 7441.92 7438.94 7437.84 7438.94 7441.92 7446.16 7451.09 7456.29 7461.49 7466.53 7471.33 7475.83 7480.03 7483.91 7487.45 7490.67 7493.54 7496.07 7498.23 7500.03 7501.44 7502.45 7503.07 7503.27 7503.07 7502.45 7501.44 7500.03 7498.23 7496.07 7493.54 7490.67 7487.45 7483.91 
7477.7 7473.22 7468.32 7462.99 7457.24 7451.09 7444.68 7438.27 7432.39 7427.95 7426.19 7427.95 7432.39 7438.27 7444.68 7451.09 7457.24 7462.99 7468.32 7473.22 7477.7 7481.78 7485.47 7488.78 7491.71 7494.26 7496.44 7498.23 7499.64 7500.65 7501.25 7501.46 7501.25 7500.65 7499.64 7498.23 7496.44 7494.26 7491.71 7488.78 7485.47 7481.78 
7475.77 7471.01 7465.73 7459.87 7453.36 7446.16 7438.27 7429.84 7421.4 7414.29 7411 7414.29 7421.4 7429.84 7438.27 7446.16 7453.36 7459.87 7465.73 7471.01 7475.77 7480.04 7483.86 7487.26 7490.25 7492.84 7495.03 7496.83 7498.23 7499.24 7499.84 7500.05 7499.84 7499.24 7498.23 7496.83 7495.03 7492.84 7490.25 7487.26 7483.86 7480.04 
7474.32 7469.34 7463.73 7457.39 7450.18 7441.92 7432.39 7421.4 7409.1 7396.8 7389.24 7396.8 7409.1 7421.4 7432.39 7441.92 7450.18 7457.39 7463.73 7469.34 7474.32 7478.75 7482.68 7486.15 7489.19 7491.81 7494.02 7495.82 7497.23 7498.23 7498.84 7499.04 7498.84 7498.23 7497.23 7495.82 7494.02 7491.81 7489.19 7486.15 7482.68 7478.75 
7473.41 7468.28 7462.45 7455.78 7448.05 7438.94 7427.95 7414.29 7396.8 7374.58 7352.37 7374.58 7396.8 7414.29 7427.95 7438.94 7448.05 7455.78 7462.45 7468.28 7473.41 7477.95 7481.95 7485.47 7488.54 7491.18 7493.4 7495.22 7496.63 7497.63 7498.23 7498.44 7498.23 7497.63 7496.63 7495.22 7493.4 7491.18 7488.54 7485.47 7481.95 7477.95 
7473.11 7467.92 7462.01 7455.21 7447.29 7437.84 7426.19 7411 7389.24 7352.37 7271.19 7352.37 7389.24 7411 7426.19 7437.84 7447.29 7455.21 7462.01 7467.92 7473.11 7477.68 7481.71 7485.25 7488.33 7490.97 7493.2 7495.01 7496.42 7497.43 7498.03 7498.23 7498.03 7497.43 7496.42 7495.01 7493.2 7490.97 7488.33 7485.25 7481.71 7477.68 
7473.41 7468.28 7462.45 7455.78 7448.05 7438.94 7427.95 7414.29 7396.8 7374.58 7352.37 7374.58 7396.8 7414.29 7427.95 7438.94 7448.05 7455.78 7462.45 7468.28 7473.41 7477.95 7481.95 7485.47 7488.54 7491.18 7493.4 7495.22 7496.63 7497.63 7498.23 7498.44 7498.23 7497.63 7496.63 7495.22 7493.4 7491.18 7488.54 7485.47 7481.95 7477.95 
7474.32 7469.34 7463.73 7457.39 7450.18 7441.92 7432.39 7421.4 7409.1 7396.8 7389.24 7396.8 7409.1 7421.4 7432.39 7441.92 7450.18 7457.39 7463.73 7469.34 7474.32 7478.75 7482.68 7486.15 7489.19 7491.81 7494.02 7495.82 7497.23 7498.23 7498.84 7499.04 7498.84 7498.23 7497.23 7495.82 7494.02 7491.81 7489.19 7486.15 7482.68 7478.75 
7475.77 7471.01 7465.73 7459.87 7453.36 7446.16 7438.27 7429.84 7421.4 7414.29 7411 7414.29 7421.4 7429.84 7438.27 7446.16 7453.36 7459.87 7465.73 7471.01 7475.77 7480.04 7483.86 7487.26 7490.25 7492.84 7495.03 7496.83 7498.23 7499.24 7499.84 7500.05 7499.84 7499.24 7498.23 7496.83 7495.03 7492.84 7490.25 7487.26 7483.86 7480.04 
7477.7 7473.22 7468.32 7462.99 7457.24 7451.09 7444.68 7438.27 7432.39 7427.95 7426.19 7427.95 7432.39 7438.27 7444.68 7451.09 7457.24 7462.99 7468.32 7473.22 7477.7 7481.78 7485.47 7488.78 7491.71 7494.26 7496.44 7498.23 7499.64 7500.65 7501.25 7501.46 7501.25 7500.65 7499.64 7498.23 7496.44 7494.26 7491.71 7488.78 7485.47 7481.78 
7480.03 7475.83 7471.33 7466.53 7461.49 7456.29 7451.09 7446.16 7441.92 7438.94 7437.84 7438.94 7441.92 7446.16 7451.09 7456.29 7461.49 7466.53 7471.33 7475.83 7480.03 7483.91 7487.45 7490.67 7493.54 7496.07 7498.23 7500.03 7501.44 7502.45 7503.07 7503.27 7503.07 7502.45 7501.44 7500.03 7498.23 7496.07 7493.54 7490.67 7487.45 7483.91 
7482.68 7478.76 7474.62 7470.32 7465.91 7461.49 7457.24 7453.36 7450.18 7448.05 7447.29 7448.05 7450.18 7453.36 7457.24 7461.49 7465.91 7470.32 7474.62 7478.76 7482.68 7486.36 7489.77 7492.9 7495.73 7498.23 7500.4 7502.2 7503.63 7504.66 7505.29 7505.5 7505.29 7504.66 7503.63 7502.2 7500.4 7498.23 7495.73 7492.9 7489.77 7486.36 
7485.57 7481.89 7478.08 7474.2 7470.32 7466.53 7462.99 7459.87 7457.39 7455.78 7455.21 7455.78 7457.39 7459.87 7462.99 7466.53 7470.32 7474.2 7478.08 7481.89 7485.57 7489.07 7492.37 7495.44 7498.23 7500.74 7502.93 7504.76 7506.22 7507.28 7507.93 7508.15 7507.93 7507.28 7506.22 7504.76 7502.93 7500.74 7498.23 7495.44 7492.37 7489.07 
7488.63 7485.15 7481.62 7478.08 7474.62 7471.33 7468.32 7465.73 7463.73 7462.45 7462.01 7462.45 7463.73 7465.73 7468.32 7471.33 7474.62 7478.08 7481.62 7485.15 7488.63 7491.99 7495.21 7498.23 7501.03 7503.57 7505.8 7507.69 7509.21 7510.32 7511 7511.23 7511 7510.32 7509.21 7507.69 7505.8 7503.57 7501.03 7498.23 7495.21 7491.99 
7491.8 7488.48 7485.15 7481.89 7478.76 7475.83 7473.22 7471.01 7469.34 7468.28 7467.92 7468.28 7469.34 7471.01 7473.22 7475.83 7478.76 7481.89 7485.15 7488.48 7491.8 7495.06 7498.23 7501.26 7504.1 7506.7 7509.02 7511 7512.61 7513.8 7514.52 7514.77 7514.52 7513.8 7512.61 7511 7509.02 7506.7 7504.1 7501.26 7498.23 7495.06 
7495.02 7491.8 7488.63 7485.57 7482.68 7480.03 7477.7 7475.77 7474.32 7473.41 7473.11 7473.41 7474.32 7475.77 7477.7 7480.03 7482.68 7485.57 7488.63 7491.8 7495.02 7498.23 7501.4 7504.48 7507.4 7510.12 7512.57 7514.7 7516.44 7517.73 7518.53 7518.8 7518.53 7517.73 7516.44 7514.7 7512.57 7510.12 7507.4 7504.48 7501.4 7498.23 
7498.23 7495.06 7491.99 7489.07 7486.36 7483.91 7481.78 7480.04 7478.75 7477.95 7477.68 7477.95 7478.75 7480.04 7481.78 7483.91 7486.36 7489.07 7491.99 7495.06 7498.23 7501.45 7504.67 7507.84 7510.91 7513.8 7516.45 7518.78 7520.71 7522.17 7523.07 7523.38 7523.07 7522.17 7520.71 7518.78 7516.45 7513.8 7510.91 7507.84 7504.67 7501.45 
7501.4 7498.23 7495.21 7492.37 7489.77 7487.45 7485.47 7483.86 7482.68 7481.95 7481.71 7481.95 7482.68 7483.86 7485.47 7487.45 7489.77 7492.37 7495.21 7498.23 7501.4 7504.67 7508 7511.32 7514.59 7517.72 7520.65 7523.27 7525.48 7527.16 7528.21 7528.57 7528.21 7527.16 7525.48 7523.27 7520.65 7517.72 7514.59 7511.32 7508 7504.67 
7504.48 7501.26 7498.23 7495.44 7492.9 7490.67 7488.78 7487.26 7486.15 7485.47 7485.25 7485.47 7486.15 7487.26 7488.78 7490.67 7492.9 7495.44 7498.23 7501.26 7504.48 7507.84 7511.32 7514.86 7518.4 7521.86 7525.16 7528.18 7530.77 7532.77 7534.06 7534.5 7534.06 7532.77 7530.77 7528.18 7525.16 7521.86 7518.4 7514.86 7511.32 7507.84 
7507.4 7504.1 7501.03 7498.23 7495.73 7493.54 7491.71 7490.25 7489.19 7488.54 7488.33 7488.54 7489.19 7490.25 7491.71 7493.54 7495.73 7498.23 7501.03 7504.1 7507.4 7510.91 7514.59 7518.4 7522.29 7526.18 7529.97 7533.51 7536.64 7539.13 7540.74 7541.31 7540.74 7539.13 7536.64 7533.51 7529.97 7526.18 7522.29 7518.4 7514.59 7510.91 
7510.12 7506.7 7503.57 7500.74 7498.23 7496.07 7494.26 7492.84 7491.81 7491.18 7490.97 7491.18 7491.81 7492.84 7494.26 7496.07 7498.23 7500.74 7503.57 7506.7 7510.12 7513.8 7517.72 7521.86 7526.18 7530.59 7535.01 7539.28 7543.16 7546.35 7548.49 7549.26 7548.49 7546.35 7543.16 7539.28 7535.01 7530.59 7526.18 7521.86 7517.72 7513.8 
7512.57 7509.02 7505.8 7502.93 7500.4 7498.23 7496.44 7495.03 7494.02 7493.4 7493.2 7493.4 7494.02 7495.03 7496.44 7498.23 7500.4 7502.93 7505.8 7509.02 7512.57 7516.45 7520.65 7525.16 7529.97 7535.01 7540.22 7545.44 7550.39 7554.64 7557.63 7558.74 7557.63 7554.64 7550.39 7545.44 7540.22 7535.01 7529.97 7525.16 7520.65 7516.45 
7514.7 7511 7507.69 7504.76 7502.2 7500.03 7498.23 7496.83 7495.82 7495.22 7495.01 7495.22 7495.82 7496.83 7498.23 7500.03 7502.2 7504.76 7507.69 7511 7514.7 7518.78 7523.27 7528.18 7533.51 7539.28 7545.44 7551.87 7558.3 7564.21 7568.66 7570.43 7568.66 7564.21 7558.3 7551.87 7545.44 7539.28 7533.51 7528.18 7523.27 7518.78 
7516.44 7512.61 7509.21 7506.22 7503.63 7501.44 7499.64 7498.23 7497.23 7496.63 7496.42 7496.63 7497.23 7498.23 7499.64 7501.44 7503.63 7506.22 7509.21 7512.61 7516.44 7520.71 7525.48 7530.77 7536.64 7543.16 7550.39 7558.3 7566.77 7575.23 7582.38 7585.69 7582.38 7575.23 7566.77 7558.3 7550.39 7543.16 7536.64 7530.77 7525.48 7520.71 
7517.73 7513.8 7510.32 7507.28 7504.66 7502.45 7500.65 7499.24 7498.23 7497.63 7497.43 7497.63 7498.23 7499.24 7500.65 7502.45 7504.66 7507.28 7510.32 7513.8 7517.73 7522.17 7527.16 7532.77 7539.13 7546.35 7554.64 7564.21 7575.23 7587.59 7599.96 7607.57 7599.96 7587.59 7575.23 7564.21 7554.64 7546.35 7539.13 7532.77 7527.16 7522.17 
7518.53 7514.52 7511 7507.93 7505.29 7503.07 7501.25 7499.84 7498.84 7498.23 7498.03 7498.23 7498.84 7499.84 7501.25 7503.07 7505.29 7507.93 7511 7514.52 7518.53 7523.07 7528.21 7534.06 7540.74 7548.49 7557.63 7568.66 7582.38 7599.96 7622.33 7644.71 7622.33 7599.96 7582.38 7568.66 7557.63 7548.49 7540.74 7534.06 7528.21 7523.07 
7518.8 7514.77 7511.23 7508.15 7505.5 7503.27 7501.46 7500.05 7499.04 7498.44 7498.23 7498.44 7499.04 7500.05 7501.46 7503.27 7505.5 7508.15 7511.23 7514.77 7518.8 7523.38 7528.57 7534.5 7541.31 7549.26 7558.74 7570.43 7585.69 7607.57 7644.71 7726.78 7644.71 7607.57 7585.69 7570.43 7558.74 7549.26 7541.31 7534.5 7528.57 7523.38 
7518.53 7514.52 7511 7507.93 7505.29 7503.07 7501.25 7499.84 7498.84 7498.23 7498.03 7498.23 7498.84 7499.84 7501.25 7503.07 7505.29 7507.93 7511 7514.52 7518.53 7523.07 7528.21 7534.06 7540.74 7548.49 7557.63 7568.66 7582.38 7599.96 7622.33 7644.71 7622.33 7599.96 7582.38 7568.66 7557.63 7548.49 7540.74 7534.06 7528.21 7523.07 
7517.73 7513.8 7510.32 7507.28 7504.66 7502.45 7500.65 7499.24 7498.23 7497.63 7497.43 7497.63 7498.23 7499.24 7500.65 7502.45 7504.66 7507.28 7510.32 7513.8 7517.73 7522.17 7527.16 7532.77 7539.13 7546.35 7554.64 7564.21 7575.23 7587.59 7599.96 7607.57 7599.96 7587.59 7575.23 7564.21 7554.64 7546.35 7539.13 7532.77 7527.16 7522.17 
7516.44 7512.61 7509.21 7506.22 7503.63 7501.44 7499.64 7498.23 7497.23 7496.63 7496.42 7496.63 7497.23 7498.23 7499.64 7501.44 7503.63 7506.22 7509.21 7512.61 7516.44 7520.71 7525.48 7530.77 7536.64 7543.16 7550.39 7558.3 7566.77 7575.23 7582.38 7585.69 7582.38 7575.23 7566.77 7558.3 7550.39 7543.16 7536.64 7530.77 7525.48 7520.71 
7514.7 7511 7507.69 7504.76 7502.2 7500.03 7498.23 7496.83 7495.82 7495.22 7495.01 7495.22 7495.82 7496.83 7498.23 7500.03 7502.2 7504.76 7507.69 7511 7514.7 7518.78 7523.27 7528.18 7533.51 7539.28 7545.44 7551.87 7558.3 7564.21 7568.66 7570.43 7568.66 7564.21 7558.3 7551.87 7545.44 7539.28 7533.51 7528.18 7523.27 7518.78 
7512.57 7509.02 7505.8 7502.93 7500.4 7498.23 7496.44 7495.03 7494.02 7493.4 7493.2 7493.4 7494.02 7495.03 7496.44 7498.23 7500.4 7502.93 7505.8 7509.02 7512.57 7516.45 7520.65 7525.16 7529.97 7535.01 7540.22 7545.44 7550.39 7554.64 7557.63 7558.74 7557.63 7554.64 7550.39 7545.44 7540.22 7535.01 7529.97 7525.16 7520.65 7516.45 
7510.12 7506.7 7503.57 7500.74 7498.23 7496.07 7494.26 7492.84 7491.81 7491.18 7490.97 7491.18 7491.81 7492.84 7494.26 7496.07 7498.23 7500.74 7503.57 7506.7 7510.12 7513.8 7517.72 7521.86 7526.18 7530.59 7535.01 7539.28 7543.16 7546.35 7548.49 7549.26 7548.49 7546.35 7543.16 7539.28 7535.01 7530.59 7526.18 7521.86 7517.72 7513.8 
7507.4 7504.1 7501.03 7498.23 7495.73 7493.54 7491.71 7490.25 7489.19 7488.54 7488.33 7488.54 7489.19 7490.25 7491.71 7493.54 7495.73 7498.23 7501.03 7504.1 7507.4 7510.91 7514.59 7518.4 7522.29 7526.18 7529.97 7533.51 7536.64 7539.13 7540.74 7541.31 7540.74 7539.13 7536.64 7533.51 7529.97 7526.18 7522.29 7518.4 7514.59 7510.91 
7504.48 7501.26 7498.23 7495.44 7492.9 7490.67 7488.78 7487.26 7486.15 7485.47 7485.25 7485.47 7486.15 7487.26 7488.78 7490.67 7492.9 7495.44 7498.23 7501.26 7504.48 7507.84 7511.32 7514.86 7518.4 7521.86 7525.16 7528.18 7530.77 7532.77 7534.06 7534.5 7534.06 7532.77 7530.77 7528.18 7525.16 7521.86 7518.4 7514.86 7511.32 7507.84 
7501.4 7498.23 7495.21 7492.37 7489.77 7487.45 7485.47 7483.86 7482.68 7481.95 7481.71 7481.95 7482.68 7483.86 7485.47 7487.45 7489.77 7492.37 7495.21 7498.23 7501.4 7504.67 7508 7511.32 7514.59 7517.72 7520.65 7523.27 7525.48 7527.16 7528.21 7528.57 7528.21 7527.16 7525.48 7523.27 7520.65 7517.72 7514.59 7511.32 7508 7504.67 
7498.23 7495.06 7491.99 7489.07 7486.36 7483.91 7481.78 7480.04 7478.75 7477.95 7477.68 7477.95 7478.75 7480.04 7481.78 7483.91 7486.36 7489.07 7491.99 7495.06 7498.23 7501.45 7504.67 7507.84 7510.91 7513.8 7516.45 7518.78 7520.71 7522.17 7523.07 7523.38 7523.07 7522.17 7520.71 7518.78 7516.45 7513.8 7510.91 7507.84 7504.67 7501.45 
