7495 7491.77 7488.59 7485.52 7482.62 7479.97 7477.63 7475.69 7474.24 7473.33 7473.03 7473.33 7474.24 7475.69 7477.63 7479.97 7482.62 7485.52 7488.59 7491.77 7495 7498.23 7501.42 7504.5 7507.43 7510.16 7512.62 7514.76 7516.5 7517.8 7518.6 7518.87 7518.6 7517.8 7516.5 7514.76 7512.62 7510.16 7507.43 7504.5 7501.42 7498.23 
7491.77 7488.44 7485.11 7481.84 7478.69 7475.76 7473.14 7470.93 7469.25 7468.19 7467.83 7468.19 7469.25 7470.93 7473.14 7475.76 7478.69 7481.84 7485.11 7488.44 7491.77 7495.05 7498.23 7501.27 7504.12 7506.73 7509.06 7511.05 7512.66 7513.85 7514.58 7514.83 7514.58 7513.85 7512.66 7511.05 7509.06 7506.73 7504.12 7501.27 7498.23 7495.05 
7488.59 7485.11 7481.56 7478.02 7474.54 7471.24 7468.23 7465.64 7463.63 7462.34 7461.9 7462.34 7463.63 7465.64 7468.23 7471.24 7474.54 7478.02 7481.56 7485.11 7488.59 7491.97 7495.2 7498.23 7501.04 7503.59 7505.83 7507.73 7509.25 7510.37 7511.05 7511.28 7511.05 7510.37 7509.25 7507.73 7505.83 7503.59 7501.04 7498.23 7495.2 7491.97 
7485.52 7481.84 7478.02 7474.12 7470.23 7466.44 7462.89 7459.76 7457.28 7455.66 7455.1 7455.66 7457.28 7459.76 7462.89 7466.44 7470.23 7474.12 7478.02 7481.84 7485.52 7489.04 7492.35 7495.43 7498.23 7500.75 7502.94 7504.79 7506.25 7507.32 7507.97 7508.18 7507.97 7507.32 7506.25 7504.79 7502.94 7500.75 7498.23 7495.43 7492.35 7489.04 
7482.62 7478.69 7474.54 7470.23 7465.81 7461.39 7457.12 7453.25 7450.06 7447.92 7447.16 7447.92 7450.06 7453.25 7457.12 7461.39 7465.81 7470.23 7474.54 7478.69 7482.62 7486.32 7489.74 7492.88 7495.72 7498.23 7500.41 7502.22 7503.65 7504.69 7505.32 7505.53 7505.32 7504.69 7503.65 7502.22 7500.41 7498.23 7495.72 7492.88 7489.74 7486.32 
7479.97 7475.76 7471.24 7466.44 7461.39 7456.18 7450.97 7446.04 7441.79 7438.81 7437.7 7438.81 7441.79 7446.04 7450.97 7456.18 7461.39 7466.44 7471.24 7475.76 7479.97 7483.85 7487.41 7490.64 7493.53 7496.06 7498.23 7500.03 7501.45 7502.47 7503.09 7503.29 7503.09 7502.47 7501.45 7500.03 7498.23 7496.06 7493.53 7490.64 7487.41 7483.85 
7477.63 7473.14 7468.23 7462.89 7457.12 7450.97 7444.55 7438.13 7432.25 7427.81 7426.04 7427.81 7432.25 7438.13 7444.55 7450.97 7457.12 7462.89 7468.23 7473.14 7477.63 7481.72 7485.42 7488.74 7491.68 7494.25 7496.43 7498.23 7499.64 7500.66 7501.27 7501.47 7501.27 7500.66 7499.64 7498.23 7496.43 7494.25 7491.68 7488.74 7485.42 7481.72 
7475.69 7470.93 7465.64 7459.76 7453.25 7446.04 7438.13 7429.7 7421.26 7414.14 7410.85 7414.14 7421.26 7429.7 7438.13 7446.04 7453.25 7459.76 7465.64 7470.93 7475.69 7479.98 7483.81 7487.22 7490.22 7492.82 7495.02 7496.83 7498.23 7499.24 7499.85 7500.05 7499.85 7499.24 7498.23 7496.83 7495.02 7492.82 7490.22 7487.22 7483.81 7479.98 
7474.24 7469.25 7463.63 7457.28 7450.06 7441.79 7432.25 7421.26 7408.96 7396.65 7389.09 7396.65 7408.96 7421.26 7432.25 7441.79 7450.06 7457.28 7463.63 7469.25 7474.24 7478.68 7482.62 7486.1 7489.15 7491.78 7494 7495.81 7497.23 7498.23 7498.84 7499.04 7498.84 7498.23 7497.23 7495.81 7494 7491.78 7489.15 7486.1 7482.62 7478.68 
7473.33 7468.19 7462.34 7455.66 7447.92 7438.81 7427.81 7414.14 7396.65 7374.43 7352.22 7374.43 7396.65 7414.14 7427.81 7438.81 7447.92 7455.66 7462.34 7468.19 7473.33 7477.88 7481.89 7485.43 7488.5 7491.15 7493.38 7495.2 7496.62 7497.63 7498.23 7498.44 7498.23 7497.63 7496.62 7495.2 7493.38 7491.15 7488.5 7485.43 7481.89 7477.88 
7473.03 7467.83 7461.9 7455.1 7447.16 7437.7 7426.04 7410.85 7389.09 7352.22 7271.04 7352.22 7389.09 7410.85 7426.04 7437.7 7447.16 7455.1 7461.9 7467.83 7473.03 7477.61 7481.65 7485.2 7488.29 7490.94 7493.18 7495 7496.42 7497.43 7498.03 7498.23 7498.03 7497.43 7496.42 7495 7493.18 7490.94 7488.29 7485.2 7481.65 7477.61 
7473.33 7468.19 7462.34 7455.66 7447.92 7438.81 7427.81 7414.14 7396.65 7374.43 7352.22 7374.43 7396.65 7414.14 7427.81 7438.81 7447.92 7455.66 7462.34 7468.19 7473.33 7477.88 7481.89 7485.43 7488.5 7491.15 7493.38 7495.2 7496.62 7497.63 7498.23 7498.44 7498.23 7497.63 7496.62 7495.2 7493.38 7491.15 7488.5 7485.43 7481.89 7477.88 
7474.24 7469.25 7463.63 7457.28 7450.06 7441.79 7432.25 7421.26 7408.96 7396.65 7389.09 7396.65 7408.96 7421.26 7432.25 7441.79 7450.06 7457.28 7463.63 7469.25 7474.24 7478.68 7482.62 7486.1 7489.15 7491.78 7494 7495.81 7497.23 7498.23 7498.84 7499.04 7498.84 7498.23 7497.23 7495.81 7494 7491.78 7489.15 7486.1 7482.62 7478.68 
7475.69 7470.93 7465.64 7459.76 7453.25 7446.04 7438.13 7429.7 7421.26 7414.14 7410.85 7414.14 7421.26 7429.7 7438.13 7446.04 7453.25 7459.76 7465.64 7470.93 7475.69 7479.98 7483.81 7487.22 7490.22 7492.82 7495.02 7496.83 7498.23 7499.24 7499.85 7500.05 7499.85 7499.24 7498.23 7496.83 7495.02 7492.82 7490.22 7487.22 7483.81 7479.98 
7477.63 7473.14 7468.23 7462.89 7457.12 7450.97 7444.55 7438.13 7432.25 7427.81 7426.04 7427.81 7432.25 7438.13 7444.55 7450.97 7457.12 7462.89 7468.23 7473.14 7477.63 7481.72 7485.42 7488.74 7491.68 7494.25 7496.43 7498.23 7499.64 7500.66 7501.27 7501.47 7501.27 7500.66 7499.64 7498.23 7496.43 7494.25 7491.68 7488.74 7485.42 7481.72 
7479.97 7475.76 7471.24 7466.44 7461.39 7456.18 7450.97 7446.04 7441.79 7438.81 7437.7 7438.81 7441.79 7446.04 7450.97 7456.18 7461.39 7466.44 7471.24 7475.76 7479.97 7483.85 7487.41 7490.64 7493.53 7496.06 7498.23 7500.03 7501.45 7502.47 7503.09 7503.29 7503.09 7502.47 7501.45 7500.03 7498.23 7496.06 7493.53 7490.64 7487.41 7483.85 
7482.62 7478.69 7474.54 7470.23 7465.81 7461.39 7457.12 7453.25 7450.06 7447.92 7447.16 7447.92 7450.06 7453.25 7457.12 7461.39 7465.81 7470.23 7474.54 7478.69 7482.62 7486.32 7489.74 7492.88 7495.72 7498.23 7500.41 7502.22 7503.65 7504.69 7505.32 7505.53 7505.32 7504.69 7503.65 7502.22 7500.41 7498.23 7495.72 7492.88 7489.74 7486.32 
7485.52 7481.84 7478.02 7474.12 7470.23 7466.44 7462.89 7459.76 7457.28 7455.66 7455.1 7455.66 7457.28 7459.76 7462.89 7466.44 7470.23 7474.12 7478.02 7481.84 7485.52 7489.04 7492.35 7495.43 7498.23 7500.75 7502.94 7504.79 7506.25 7507.32 7507.97 7508.18 7507.97 7507.32 7506.25 7504.79 7502.94 7500.75 7498.23 7495.43 7492.35 7489.04 
7488.59 7485.11 7481.56 7478.02 7474.54 7471.24 7468.23 7465.64 7463.63 7462.34 7461.9 7462.34 7463.63 7465.64 7468.23 7471.24 7474.54 7478.02 7481.56 7485.11 7488.59 7491.97 7495.2 7498.23 7501.04 7503.59 7505.83 7507.73 7509.25 7510.37 7511.05 7511.28 7511.05 7510.37 7509.25 7507.73 7505.83 7503.59 7501.04 7498.23 7495.2 7491.97 
7491.77 7488.44 7485.11 7481.84 7478.69 7475.76 7473.14 7470.93 7469.25 7468.19 7467.83 7468.19 7469.25 7470.93 7473.14 7475.76 7478.69 7481.84 7485.11 7488.44 7491.77 7495.05 7498.23 7501.27 7504.12 7506.73 7509.06 7511.05 7512.66 7513.85 7514.58 7514.83 7514.58 7513.85 7512.66 7511.05 7509.06 7506.73 7504.12 7501.27 7498.23 7495.05 
7495 7491.77 7488.59 7485.52 7482.62 7479.97 7477.63 7475.69 7474.24 7473.33 7473.03 7473.33 7474.24 7475.69 7477.63 7479.97 7482.62 7485.52 7488.59 7491.77 7495 7498.23 7501.42 7504.5 7507.43 7510.16 7512.62 7514.76 7516.5 7517.8 7518.6 7518.87 7518.6 7517.8 7516.5 7514.76 7512.62 7510.16 7507.43 7504.5 7501.42 7498.23 
7498.23 7495.05 7491.97 7489.04 7486.32 7483.85 7481.72 7479.98 7478.68 7477.88 7477.61 7477.88 7478.68 7479.98 7481.72 7483.85 7486.32 7489.04 7491.97 7495.05 7498.23 7501.47 7504.7 7507.88 7510.95 7513.85 7516.51 7518.85 7520.79 7522.25 7523.15 7523.46 7523.15 7522.25 7520.79 7518.85 7516.51 7513.85 7510.95 7507.88 7504.7 7501.47 
7501.42 7498.23 7495.2 7492.35 7489.74 7487.41 7485.42 7483.81 7482.62 7481.89 7481.65 7481.89 7482.62 7483.81 7485.42 7487.41 7489.74 7492.35 7495.2 7498.23 7501.42 7504.7 7508.03 7511.37 7514.64 7517.79 7520.72 7523.35 7525.56 7527.25 7528.31 7528.67 7528.31 7527.25 7525.56 7523.35 7520.72 7517.79 7514.64 7511.37 7508.03 7504.7 
7504.5 7501.27 7498.23 7495.43 7492.88 7490.64 7488.74 7487.22 7486.1 7485.43 7485.2 7485.43 7486.1 7487.22 7488.74 7490.64 7492.88 7495.43 7498.23 7501.27 7504.5 7507.88 7511.37 7514.91 7518.46 7521.94 7525.25 7528.27 7530.86 7532.88 7534.16 7534.6 7534.16 7532.88 7530.86 7528.27 7525.25 7521.94 7518.46 7514.91 7511.37 7507.88 
7507.43 7504.12 7501.04 7498.23 7495.72 7493.53 7491.68 7490.22 7489.15 7488.5 7488.29 7488.5 7489.15 7490.22 7491.68 7493.53 7495.72 7498.23 7501.04 7504.12 7507.43 7510.95 7514.64 7518.46 7522.36 7526.26 7530.06 7533.62 7536.75 7539.24 7540.86 7541.43 7540.86 7539.24 7536.75 7533.62 7530.06 7526.26 7522.36 7518.46 7514.64 7510.95 
7510.16 7506.73 7503.59 7500.75 7498.23 7496.06 7494.25 7492.82 7491.78 7491.15 7490.94 7491.15 7491.78 7492.82 7494.25 7496.06 7498.23 7500.75 7503.59 7506.73 7510.16 7513.85 7517.79 7521.94 7526.26 7530.69 7535.12 7539.39 7543.28 7546.48 7548.62 7549.38 7548.62 7546.48 7543.28 7539.39 7535.12 7530.69 7526.26 7521.94 7517.79 7513.85 
7512.62 7509.06 7505.83 7502.94 7500.41 7498.23 7496.43 7495.02 7494 7493.38 7493.18 7493.38 7494 7495.02 7496.43 7498.23 7500.41 7502.94 7505.83 7509.06 7512.62 7516.51 7520.72 7525.25 7530.06 7535.12 7540.34 7545.56 7550.51 7554.77 7557.76 7558.87 7557.76 7554.77 7550.51 7545.56 7540.34 7535.12 7530.06 7525.25 7520.72 7516.51 
7514.76 7511.05 7507.73 7504.79 7502.22 7500.03 7498.23 7496.83 7495.81 7495.2 7495 7495.2 7495.81 7496.83 7498.23 7500.03 7502.22 7504.79 7507.73 7511.05 7514.76 7518.85 7523.35 7528.27 7533.62 7539.39 7545.56 7552 7558.44 7564.35 7568.8 7570.57 7568.8 7564.35 7558.44 7552 7545.56 7539.39 7533.62 7528.27 7523.35 7518.85 
7516.5 7512.66 7509.25 7506.25 7503.65 7501.45 7499.64 7498.23 7497.23 7496.62 7496.42 7496.62 7497.23 7498.23 7499.64 7501.45 7503.65 7506.25 7509.25 7512.66 7516.5 7520.79 7525.56 7530.86 7536.75 7543.28 7550.51 7558.44 7566.91 7575.38 7582.53 7585.84 7582.53 7575.38 7566.91 7558.44 7550.51 7543.28 7536.75 7530.86 7525.56 7520.79 
7517.8 7513.85 7510.37 7507.32 7504.69 7502.47 7500.66 7499.24 7498.23 7497.63 7497.43 7497.63 7498.23 7499.24 7500.66 7502.47 7504.69 7507.32 7510.37 7513.85 7517.8 7522.25 7527.25 7532.88 7539.24 7546.48 7554.77 7564.35 7575.38 7587.74 7600.11 7607.72 7600.11 7587.74 7575.38 7564.35 7554.77 7546.48 7539.24 7532.88 7527.25 7522.25 
7518.6 7514.58 7511.05 7507.97 7505.32 7503.09 7501.27 7499.85 7498.84 7498.23 7498.03 7498.23 7498.84 7499.85 7501.27 7503.09 7505.32 7507.97 7511.05 7514.58 7518.6 7523.15 7528.31 7534.16 7540.86 7548.62 7557.76 7568.8 7582.53 7600.11 7622.48 7644.87 7622.48 7600.11 7582.53 7568.8 7557.76 7548.62 7540.86 7534.16 7528.31 7523.15 
7518.87 7514.83 7511.28 7508.18 7505.53 7503.29 7501.47 7500.05 7499.04 7498.44 7498.23 7498.44 7499.04 7500.05 7501.47 7503.29 7505.53 7508.18 7511.28 7514.83 7518.87 7523.46 7528.67 7534.6 7541.43 7549.38 7558.87 7570.57 7585.84 7607.72 7644.87 7726.94 7644.87 7607.72 7585.84 7570.57 7558.87 7549.38 7541.43 7534.6 7528.67 7523.46 
7518.6 7514.58 7511.05 7507.97 7505.32 7503.09 7501.27 7499.85 7498.84 7498.23 7498.03 7498.23 7498.84 7499.85 7501.27 7503.09 7505.32 7507.97 7511.05 7514.58 7518.6 7523.15 7528.31 7534.16 7540.86 7548.62 7557.76 7568.8 7582.53 7600.11 7622.48 7644.87 7622.48 7600.11 7582.53 7568.8 7557.76 7548.62 7540.86 7534.16 7528.31 7523.15 
7517.8 7513.85 7510.37 7507.32 7504.69 7502.47 7500.66 7499.24 7498.23 7497.63 7497.43 7497.63 7498.23 7499.24 7500.66 7502.47 7504.69 7507.32 7510.37 7513.85 7517.8 7522.25 7527.25 7532.88 7539.24 7546.48 7554.77 7564.35 7575.38 7587.74 7600.11 7607.72 7600.11 7587.74 7575.38 7564.35 7554.77 7546.48 7539.24 7532.88 7527.25 7522.25 
7516.5 7512.66 7509.25 7506.25 7503.65 7501.45 7499.64 7498.23 7497.23 7496.62 7496.42 7496.62 7497.23 7498.23 7499.64 7501.45 7503.65 7506.25 7509.25 7512.66 7516.5 7520.79 7525.56 7530.86 7536.75 7543.28 7550.51 7558.44 7566.91 7575.38 7582.53 7585.84 7582.53 7575.38 7566.91 7558.44 7550.51 7543.28 7536.75 7530.86 7525.56 7520.79 
7514.76 7511.05 7507.73 7504.79 7502.22 7500.03 7498.23 7496.83 7495.81 7495.2 7495 7495.2 7495.81 7496.83 7498.23 7500.03 7502.22 7504.79 7507.73 7511.05 7514.76 7518.85 7523.35 7528.27 7533.62 7539.39 7545.56 7552 7558.44 7564.35 7568.8 7570.57 7568.8 7564.35 7558.44 7552 7545.56 7539.39 7533.62 7528.27 7523.35 7518.85 
7512.62 7509.06 7505.83 7502.94 7500.41 7498.23 7496.43 7495.02 7494 7493.38 7493.18 7493.38 7494 7495.02 7496.43 7498.23 7500.41 7502.94 7505.83 7509.06 7512.62 7516.51 7520.72 7525.25 7530.06 7535.12 7540.34 7545.56 7550.51 7554.77 7557.76 7558.87 7557.76 7554.77 7550.51 7545.56 7540.34 7535.12 7530.06 7525.25 7520.72 7516.51 
7510.16 7506.73 7503.59 7500.75 7498.23 7496.06 7494.25 7492.82 7491.78 7491.15 7490.94 7491.15 7491.78 7492.82 7494.25 7496.06 7498.23 7500.75 7503.59 7506.73 7510.16 7513.85 7517.79 7521.94 7526.26 7530.69 7535.12 7539.39 7543.28 7546.48 7548.62 7549.38 7548.62 7546.48 7543.28 7539.39 7535.12 7530.69 7526.26 7521.94 7517.79 7513.85 
7507.43 7504.12 7501.04 7498.23 7495.72 7493.53 7491.68 7490.22 7489.15 7488.5 7488.29 7488.5 7489.15 7490.22 7491.68 7493.53 7495.72 7498.23 7501.04 7504.12 7507.43 7510.95 7514.64 7518.46 7522.36 7526.26 7530.06 7533.62 7536.75 7539.24 7540.86 7541.43 7540.86 7539.24 7536.75 7533.62 7530.06 7526.26 7522.36 7518.46 7514.64 7510.95 
7504.5 7501.27 7498.23 7495.43 7492.88 7490.64 7488.74 7487.22 7486.1 7485.43 7485.2 7485.43 7486.1 7487.22 7488.74 7490.64 7492.88 7495.43 7498.23 7501.27 7504.5 7507.88 7511.37 7514.91 7518.46 7521.94 7525.25 7528.27 7530.86 7532.88 7534.16 7534.6 7534.16 7532.88 7530.86 7528.27 7525.25 7521.94 7518.46 7514.91 7511.37 7507.88 
7501.42 7498.23 7495.2 7492.35 7489.74 7487.41 7485.42 7483.81 7482.62 7481.89 7481.65 7481.89 7482.62 7483.81 7485.42 7487.41 7489.74 7492.35 7495.2 7498.23 7501.42 7504.7 7508.03 7511.37 7514.64 7517.79 7520.72 7523.35 7525.56 7527.25 7528.31 7528.67 7528.31 7527.25 7525.56 7523.35 7520.72 7517.79 7514.64 7511.37 7508.03 7504.7 
7498.23 7495.05 7491.97 7489.04 7486.32 7483.85 7481.72 7479.98 7478.68 7477.88 7477.61 7477.88 7478.68 7479.98 7481.72 7483.85 7486.32 7489.04 7491.97 7495.05 7498.23 7501.47 7504.7 7507.88 7510.95 7513.85 7516.51 7518.85 7520.79 7522.25 7523.15 7523.46 7523.15 7522.25 7520.79 7518.85 7516.51 7513.85 7510.95 7507.88 7504.7 7501.47 
