7495.05 7491.86 7488.72 7485.69 7482.82 7480.19 7477.88 7475.97 7474.53 7473.63 7473.33 7473.63 7474.53 7475.97 7477.88 7480.19 7482.82 7485.69 7488.72 7491.86 7495.05 7498.23 7501.37 7504.42 7507.31 7510 7512.43 7514.54 7516.27 7517.55 7518.34 7518.61 7518.34 7517.55 7516.27 7514.54 7512.43 7510 7507.31 7504.42 7501.37 7498.23 
7491.86 7488.57 7485.27 7482.04 7478.93 7476.03 7473.43 7471.24 7469.58 7468.53 7468.17 7468.53 7469.58 7471.24 7473.43 7476.03 7478.93 7482.04 7485.27 7488.57 7491.86 7495.1 7498.23 7501.23 7504.04 7506.62 7508.91 7510.88 7512.47 7513.65 7514.37 7514.61 7514.37 7513.65 7512.47 7510.88 7508.91 7506.62 7504.04 7501.23 7498.23 7495.1 
7488.72 7485.27 7481.77 7478.26 7474.82 7471.55 7468.56 7465.99 7464 7462.73 7462.29 7462.73 7464 7465.99 7468.56 7471.55 7474.82 7478.26 7481.77 7485.27 7488.72 7492.05 7495.24 7498.23 7501.01 7503.52 7505.73 7507.6 7509.1 7510.2 7510.87 7511.1 7510.87 7510.2 7509.1 7507.6 7505.73 7503.52 7501.01 7498.23 7495.24 7492.05 
7485.69 7482.04 7478.26 7474.4 7470.54 7466.78 7463.26 7460.16 7457.69 7456.08 7455.52 7456.08 7457.69 7460.16 7463.26 7466.78 7470.54 7474.4 7478.26 7482.04 7485.69 7489.16 7492.43 7495.46 7498.23 7500.72 7502.88 7504.69 7506.14 7507.19 7507.83 7508.04 7507.83 7507.19 7506.14 7504.69 7502.88 7500.72 7498.23 7495.46 7492.43 7489.16 
7482.82 7478.93 7474.82 7470.54 7466.16 7461.77 7457.53 7453.67 7450.5 7448.38 7447.62 7448.38 7450.5 7453.67 7457.53 7461.77 7466.16 7470.54 7474.82 7478.93 7482.82 7486.47 7489.85 7492.95 7495.75 7498.23 7500.38 7502.16 7503.58 7504.6 7505.22 7505.42 7505.22 7504.6 7503.58 7502.16 7500.38 7498.23 7495.75 7492.95 7489.85 7486.47 
7480.19 7476.03 7471.55 7466.78 7461.77 7456.59 7451.41 7446.49 7442.26 7439.29 7438.19 7439.29 7442.26 7446.49 7451.41 7456.59 7461.77 7466.78 7471.55 7476.03 7480.19 7484.04 7487.56 7490.75 7493.59 7496.09 7498.24 7500.01 7501.4 7502.41 7503.01 7503.22 7503.01 7502.41 7501.4 7500.01 7498.24 7496.09 7493.59 7490.75 7487.56 7484.04 
7477.88 7473.43 7468.56 7463.26 7457.53 7451.41 7445.02 7438.62 7432.75 7428.32 7426.56 7428.32 7432.75 7438.62 7445.02 7451.41 7457.53 7463.26 7468.56 7473.43 7477.88 7481.93 7485.59 7488.87 7491.78 7494.31 7496.46 7498.24 7499.62 7500.62 7501.22 7501.42 7501.22 7500.62 7499.62 7498.24 7496.46 7494.31 7491.78 7488.87 7485.59 7481.93 
7475.97 7471.24 7465.99 7460.16 7453.67 7446.49 7438.62 7430.2 7421.78 7414.67 7411.39 7414.67 7421.78 7430.2 7438.62 7446.49 7453.67 7460.16 7465.99 7471.24 7475.97 7480.21 7484 7487.37 7490.33 7492.9 7495.07 7496.85 7498.24 7499.23 7499.83 7500.03 7499.83 7499.23 7498.24 7496.85 7495.07 7492.9 7490.33 7487.37 7484 7480.21 
7474.53 7469.58 7464 7457.69 7450.5 7442.26 7432.75 7421.78 7409.49 7397.2 7389.64 7397.2 7409.49 7421.78 7432.75 7442.26 7450.5 7457.69 7464 7469.58 7474.53 7478.93 7482.83 7486.27 7489.28 7491.87 7494.06 7495.85 7497.24 7498.24 7498.83 7499.03 7498.83 7498.24 7497.24 7495.85 7494.06 7491.87 7489.28 7486.27 7482.83 7478.93 
7473.63 7468.53 7462.73 7456.08 7448.38 7439.29 7428.32 7414.67 7397.2 7374.99 7352.78 7374.99 7397.2 7414.67 7428.32 7439.29 7448.38 7456.08 7462.73 7468.53 7473.63 7478.14 7482.11 7485.6 7488.64 7491.26 7493.46 7495.25 7496.64 7497.64 7498.24 7498.43 7498.24 7497.64 7496.64 7495.25 7493.46 7491.26 7488.64 7485.6 7482.11 7478.14 
7473.33 7468.17 7462.29 7455.52 7447.62 7438.19 7426.56 7411.39 7389.64 7352.78 7271.59 7352.78 7389.64 7411.39 7426.56 7438.19 7447.62 7455.52 7462.29 7468.17 7473.33 7477.87 7481.87 7485.38 7488.43 7491.05 7493.25 7495.05 7496.44 7497.44 7498.04 7498.24 7498.04 7497.44 7496.44 7495.05 7493.25 7491.05 7488.43 7485.38 7481.87 7477.87 
7473.63 7468.53 7462.73 7456.08 7448.38 7439.29 7428.32 7414.67 7397.2 7374.99 7352.78 7374.99 7397.2 7414.67 7428.32 7439.29 7448.38 7456.08 7462.73 7468.53 7473.63 7478.14 7482.11 7485.6 7488.64 7491.26 7493.46 7495.25 7496.64 7497.64 7498.24 7498.43 7498.24 7497.64 7496.64 7495.25 7493.46 7491.26 7488.64 7485.6 7482.11 7478.14 
7474.53 7469.58 7464 7457.69 7450.5 7442.26 7432.75 7421.78 7409.49 7397.2 7389.64 7397.2 7409.49 7421.78 7432.75 7442.26 7450.5 7457.69 7464 7469.58 7474.53 7478.93 7482.83 7486.27 7489.28 7491.87 7494.06 7495.85 7497.24 7498.24 7498.83 7499.03 7498.83 7498.24 7497.24 7495.85 7494.06 7491.87 7489.28 7486.27 7482.83 7478.93 
7475.97 7471.24 7465.99 7460.16 7453.67 7446.49 7438.62 7430.2 7421.78 7414.67 7411.39 7414.67 7421.78 7430.2 7438.62 7446.49 7453.67 7460.16 7465.99 7471.24 7475.97 7480.21 7484 7487.37 7490.33 7492.9 7495.07 7496.85 7498.24 7499.23 7499.83 7500.03 7499.83 7499.23 7498.24 7496.85 7495.07 7492.9 7490.33 7487.37 7484 7480.21 
7477.88 7473.43 7468.56 7463.26 7457.53 7451.41 7445.02 7438.62 7432.75 7428.32 7426.56 7428.32 7432.75 7438.62 7445.02 7451.41 7457.53 7463.26 7468.56 7473.43 7477.88 7481.93 7485.59 7488.87 7491.78 7494.31 7496.46 7498.24 7499.62 7500.62 7501.22 7501.42 7501.22 7500.62 7499.62 7498.24 7496.46 7494.31 7491.78 7488.87 7485.59 7481.93 
7480.19 7476.03 7471.55 7466.78 7461.77 7456.59 7451.41 7446.49 7442.26 7439.29 7438.19 7439.29 7442.26 7446.49 7451.41 7456.59 7461.77 7466.78 7471.55 7476.03 7480.19 7484.04 7487.56 7490.75 7493.59 7496.09 7498.24 7500.01 7501.4 7502.41 7503.01 7503.22 7503.01 7502.41 7501.4 7500.01 7498.24 7496.09 7493.59 7490.75 7487.56 7484.04 
7482.82 7478.93 7474.82 7470.54 7466.16 7461.77 7457.53 7453.67 7450.5 7448.38 7447.62 7448.38 7450.5 7453.67 7457.53 7461.77 7466.16 7470.54 7474.82 7478.93 7482.82 7486.47 7489.85 7492.95 7495.75 7498.23 7500.38 7502.16 7503.58 7504.6 7505.22 7505.42 7505.22 7504.6 7503.58 7502.16 7500.38 7498.23 7495.75 7492.95 7489.85 7486.47 
7485.69 7482.04 7478.26 7474.4 7470.54 7466.78 7463.26 7460.16 7457.69 7456.08 7455.52 7456.08 7457.69 7460.16 7463.26 7466.78 7470.54 7474.4 7478.26 7482.04 7485.69 7489.16 7492.43 7495.46 7498.23 7500.72 7502.88 7504.69 7506.14 7507.19 7507.83 7508.04 7507.83 7507.19 7506.14 7504.69 7502.88 7500.72 7498.23 7495.46 7492.43 7489.16 
7488.72 7485.27 7481.77 7478.26 7474.82 7471.55 7468.56 7465.99 7464 7462.73 7462.29 7462.73 7464 7465.99 7468.56 7471.55 7474.82 7478.26 7481.77 7485.27 7488.72 7492.05 7495.24 7498.23 7501.01 7503.52 7505.73 7507.6 7509.1 7510.2 7510.87 7511.1 7510.87 7510.2 7509.1 7507.6 7505.73 7503.52 7501.01 7498.23 7495.24 7492.05 
7491.86 7488.57 7485.27 7482.04 7478.93 7476.03 7473.43 7471.24 7469.58 7468.53 7468.17 7468.53 7469.58 7471.24 7473.43 7476.03 7478.93 7482.04 7485.27 7488.57 7491.86 7495.1 7498.23 7501.23 7504.04 7506.62 7508.91 7510.88 7512.47 7513.65 7514.37 7514.61 7514.37 7513.65 7512.47 7510.88 7508.91 7506.62 7504.04 7501.23 7498.23 7495.1 
7495.05 7491.86 7488.72 7485.69 7482.82 7480.19 7477.88 7475.97 7474.53 7473.63 7473.33 7473.63 7474.53 7475.97 7477.88 7480.19 7482.82 7485.69 7488.72 7491.86 7495.05 7498.23 7501.37 7504.42 7507.31 7510 7512.43 7514.54 7516.27 7517.55 7518.34 7518.61 7518.34 7517.55 7516.27 7514.54 7512.43 7510 7507.31 7504.42 7501.37 7498.23 
7498.23 7495.1 7492.05 7489.16 7486.47 7484.04 7481.93 7480.21 7478.93 7478.14 7477.87 7478.14 7478.93 7480.21 7481.93 7484.04 7486.47 7489.16 7492.05 7495.1 7498.23 7501.42 7504.61 7507.75 7510.79 7513.65 7516.28 7518.6 7520.52 7521.96 7522.85 7523.16 7522.85 7521.96 7520.52 7518.6 7516.28 7513.65 7510.79 7507.75 7504.61 7501.42 
7501.37 7498.23 7495.24 7492.43 7489.85 7487.56 7485.59 7484 7482.83 7482.11 7481.87 7482.11 7482.83 7484 7485.59 7487.56 7489.85 7492.43 7495.24 7498.23 7501.37 7504.61 7507.91 7511.2 7514.44 7517.55 7520.45 7523.06 7525.25 7526.92 7527.97 7528.32 7527.97 7526.92 7525.25 7523.06 7520.45 7517.55 7514.44 7511.2 7507.91 7504.61 
7504.42 7501.23 7498.23 7495.46 7492.95 7490.75 7488.87 7487.37 7486.27 7485.6 7485.38 7485.6 7486.27 7487.37 7488.87 7490.75 7492.95 7495.46 7498.23 7501.23 7504.42 7507.75 7511.2 7514.71 7518.22 7521.66 7524.94 7527.93 7530.51 7532.5 7533.78 7534.22 7533.78 7532.5 7530.51 7527.93 7524.94 7521.66 7518.22 7514.71 7511.2 7507.75 
7507.31 7504.04 7501.01 7498.23 7495.75 7493.59 7491.78 7490.33 7489.28 7488.64 7488.43 7488.64 7489.28 7490.33 7491.78 7493.59 7495.75 7498.23 7501.01 7504.04 7507.31 7510.79 7514.44 7518.22 7522.08 7525.95 7529.71 7533.24 7536.35 7538.83 7540.44 7541 7540.44 7538.83 7536.35 7533.24 7529.71 7525.95 7522.08 7518.22 7514.44 7510.79 
7510 7506.62 7503.52 7500.72 7498.23 7496.09 7494.31 7492.9 7491.87 7491.26 7491.05 7491.26 7491.87 7492.9 7494.31 7496.09 7498.23 7500.72 7503.52 7506.62 7510 7513.65 7517.55 7521.66 7525.95 7530.34 7534.74 7538.98 7542.85 7546.03 7548.16 7548.92 7548.16 7546.03 7542.85 7538.98 7534.74 7530.34 7525.95 7521.66 7517.55 7513.65 
7512.43 7508.91 7505.73 7502.88 7500.38 7498.24 7496.46 7495.07 7494.06 7493.46 7493.25 7493.46 7494.06 7495.07 7496.46 7498.24 7500.38 7502.88 7505.73 7508.91 7512.43 7516.28 7520.45 7524.94 7529.71 7534.74 7539.92 7545.12 7550.05 7554.3 7557.28 7558.38 7557.28 7554.3 7550.05 7545.12 7539.92 7534.74 7529.71 7524.94 7520.45 7516.28 
7514.54 7510.88 7507.6 7504.69 7502.16 7500.01 7498.24 7496.85 7495.85 7495.25 7495.05 7495.25 7495.85 7496.85 7498.24 7500.01 7502.16 7504.69 7507.6 7510.88 7514.54 7518.6 7523.06 7527.93 7533.24 7538.98 7545.12 7551.53 7557.95 7563.84 7568.29 7570.06 7568.29 7563.84 7557.95 7551.53 7545.12 7538.98 7533.24 7527.93 7523.06 7518.6 
7516.27 7512.47 7509.1 7506.14 7503.58 7501.4 7499.62 7498.24 7497.24 7496.64 7496.44 7496.64 7497.24 7498.24 7499.62 7501.4 7503.58 7506.14 7509.1 7512.47 7516.27 7520.52 7525.25 7530.51 7536.35 7542.85 7550.05 7557.95 7566.4 7574.85 7582 7585.3 7582 7574.85 7566.4 7557.95 7550.05 7542.85 7536.35 7530.51 7525.25 7520.52 
7517.55 7513.65 7510.2 7507.19 7504.6 7502.41 7500.62 7499.23 7498.24 7497.64 7497.44 7497.64 7498.24 7499.23 7500.62 7502.41 7504.6 7507.19 7510.2 7513.65 7517.55 7521.96 7526.92 7532.5 7538.83 7546.03 7554.3 7563.84 7574.85 7587.2 7599.56 7607.17 7599.56 7587.2 7574.85 7563.84 7554.3 7546.03 7538.83 7532.5 7526.92 7521.96 
7518.34 7514.37 7510.87 7507.83 7505.22 7503.01 7501.22 7499.83 7498.83 7498.24 7498.04 7498.24 7498.83 7499.83 7501.22 7503.01 7505.22 7507.83 7510.87 7514.37 7518.34 7522.85 7527.97 7533.78 7540.44 7548.16 7557.28 7568.29 7582 7599.56 7621.92 7644.3 7621.92 7599.56 7582 7568.29 7557.28 7548.16 7540.44 7533.78 7527.97 7522.85 
7518.61 7514.61 7511.1 7508.04 7505.42 7503.22 7501.42 7500.03 7499.03 7498.43 7498.24 7498.43 7499.03 7500.03 7501.42 7503.22 7505.42 7508.04 7511.1 7514.61 7518.61 7523.16 7528.32 7534.22 7541 7548.92 7558.38 7570.06 7585.3 7607.17 7644.3 7726.37 7644.3 7607.17 7585.3 7570.06 7558.38 7548.92 7541 7534.22 7528.32 7523.16 
7518.34 7514.37 7510.87 7507.83 7505.22 7503.01 7501.22 7499.83 7498.83 7498.24 7498.04 7498.24 7498.83 7499.83 7501.22 7503.01 7505.22 7507.83 7510.87 7514.37 7518.34 7522.85 7527.97 7533.78 7540.44 7548.16 7557.28 7568.29 7582 7599.56 7621.92 7644.3 7621.92 7599.56 7582 7568.29 7557.28 7548.16 7540.44 7533.78 7527.97 7522.85 
7517.55 7513.65 7510.2 7507.19 7504.6 7502.41 7500.62 7499.23 7498.24 7497.64 7497.44 7497.64 7498.24 7499.23 7500.62 7502.41 7504.6 7507.19 7510.2 7513.65 7517.55 7521.96 7526.92 7532.5 7538.83 7546.03 7554.3 7563.84 7574.85 7587.2 7599.56 7607.17 7599.56 7587.2 7574.85 7563.84 7554.3 7546.03 7538.83 7532.5 7526.92 7521.96 
7516.27 7512.47 7509.1 7506.14 7503.58 7501.4 7499.62 7498.24 7497.24 7496.64 7496.44 7496.64 7497.24 7498.24 7499.62 7501.4 7503.58 7506.14 7509.1 7512.47 7516.27 7520.52 7525.25 7530.51 7536.35 7542.85 7550.05 7557.95 7566.4 7574.85 7582 7585.3 7582 7574.85 7566.4 7557.95 7550.05 7542.85 7536.35 7530.51 7525.25 7520.52 
7514.54 7510.88 7507.6 7504.69 7502.16 7500.01 7498.24 7496.85 7495.85 7495.25 7495.05 7495.25 7495.85 7496.85 7498.24 7500.01 7502.16 7504.69 7507.6 7510.88 7514.54 7518.6 7523.06 7527.93 7533.24 7538.98 7545.12 7551.53 7557.95 7563.84 7568.29 7570.06 7568.29 7563.84 7557.95 7551.53 7545.12 7538.98 7533.24 7527.93 7523.06 7518.6 
7512.43 7508.91 7505.73 7502.88 7500.38 7498.24 7496.46 7495.07 7494.06 7493.46 7493.25 7493.46 7494.06 7495.07 7496.46 7498.24 7500.38 7502.88 7505.73 7508.91 7512.43 7516.28 7520.45 7524.94 7529.71 7534.74 7539.92 7545.12 7550.05 7554.3 7557.28 7558.38 7557.28 7554.3 7550.05 7545.12 7539.92 7534.74 7529.71 7524.94 7520.45 7516.28 
7510 7506.62 7503.52 7500.72 7498.23 7496.09 7494.31 7492.9 7491.87 7491.26 7491.05 7491.26 7491.87 7492.9 7494.31 7496.09 7498.23 7500.72 7503.52 7506.62 7510 7513.65 7517.55 7521.66 7525.95 7530.34 7534.74 7538.98 7542.85 7546.03 7548.16 7548.92 7548.16 7546.03 7542.85 7538.98 7534.74 7530.34 7525.95 7521.66 7517.55 7513.65 
7507.31 7504.04 7501.01 7498.23 7495.75 7493.59 7491.78 7490.33 7489.28 7488.64 7488.43 7488.64 7489.28 7490.33 7491.78 7493.59 7495.75 7498.23 7501.01 7504.04 7507.31 7510.79 7514.44 7518.22 7522.08 7525.95 7529.71 7533.24 7536.35 7538.83 7540.44 7541 7540.44 7538.83 7536.35 7533.24 7529.71 7525.95 7522.08 7518.22 7514.44 7510.79 
7504.42 7501.23 7498.23 7495.46 7492.95 7490.75 7488.87 7487.37 7486.27 7485.6 7485.38 7485.6 7486.27 7487.37 7488.87 7490.75 7492.95 7495.46 7498.23 7501.23 7504.42 7507.75 7511.2 7514.71 7518.22 7521.66 7524.94 7527.93 7530.51 7532.5 7533.78 7534.22 7533.78 7532.5 7530.51 7527.93 7524.94 7521.66 7518.22 7514.71 7511.2 7507.75 
7501.37 7498.23 7495.24 7492.43 7489.85 7487.56 7485.59 7484 7482.83 7482.11 7481.87 7482.11 7482.83 7484 7485.59 7487.56 7489.85 7492.43 7495.24 7498.23 7501.37 7504.61 7507.91 7511.2 7514.44 7517.55 7520.45 7523.06 7525.25 7526.92 7527.97 7528.32 7527.97 7526.92 7525.25 7523.06 7520.45 7517.55 7514.44 7511.2 7507.91 7504.61 
7498.23 7495.1 7492.05 7489.16 7486.47 7484.04 7481.93 7480.21 7478.93 7478.14 7477.87 7478.14 7478.93 7480.21 7481.93 7484.04 7486.47 7489.16 7492.05 7495.1 7498.23 7501.42 7504.61 7507.75 7510.79 7513.65 7516.28 7518.6 7520.52 7521.96 7522.85 7523.16 7522.85 7521.96 7520.52 7518.6 7516.28 7513.65 7510.79 7507.75 7504.61 7501.42 
