7495.03 7491.82 7488.66 7485.62 7482.74 7480.1 7477.77 7475.85 7474.4 7473.5 7473.2 7473.5 7474.4 7475.85 7477.77 7480.1 7482.74 7485.62 7488.66 7491.82 7495.03 7498.23 7501.39 7504.45 7507.36 7510.07 7512.52 7514.64 7516.37 7517.66 7518.46 7518.73 7518.46 7517.66 7516.37 7514.64 7512.52 7510.07 7507.36 7504.45 7501.39 7498.23 
7491.82 7488.51 7485.2 7481.95 7478.83 7475.91 7473.3 7471.11 7469.43 7468.38 7468.02 7468.38 7469.43 7471.11 7473.3 7475.91 7478.83 7481.95 7485.2 7488.51 7491.82 7495.08 7498.23 7501.25 7504.07 7506.67 7508.98 7510.96 7512.56 7513.74 7514.46 7514.7 7514.46 7513.74 7512.56 7510.96 7508.98 7506.67 7504.07 7501.25 7498.23 7495.08 
7488.66 7485.2 7481.68 7478.15 7474.7 7471.42 7468.41 7465.84 7463.84 7462.56 7462.12 7462.56 7463.84 7465.84 7468.41 7471.42 7474.7 7478.15 7481.68 7485.2 7488.66 7492.02 7495.22 7498.23 7501.02 7503.55 7505.77 7507.66 7509.17 7510.27 7510.95 7511.18 7510.95 7510.27 7509.17 7507.66 7505.77 7503.55 7501.02 7498.23 7495.22 7492.02 
7485.62 7481.95 7478.15 7474.28 7470.41 7466.63 7463.1 7459.98 7457.51 7455.9 7455.33 7455.9 7457.51 7459.98 7463.1 7466.63 7470.41 7474.28 7478.15 7481.95 7485.62 7489.11 7492.4 7495.45 7498.23 7500.73 7502.91 7504.73 7506.19 7507.25 7507.89 7508.11 7507.89 7507.25 7506.19 7504.73 7502.91 7500.73 7498.23 7495.45 7492.4 7489.11 
7482.74 7478.83 7474.7 7470.41 7466.01 7461.6 7457.35 7453.49 7450.31 7448.18 7447.42 7448.18 7450.31 7453.49 7457.35 7461.6 7466.01 7470.41 7474.7 7478.83 7482.74 7486.4 7489.8 7492.92 7495.74 7498.23 7500.39 7502.19 7503.61 7504.64 7505.26 7505.47 7505.26 7504.64 7503.61 7502.19 7500.39 7498.23 7495.74 7492.92 7489.8 7486.4 
7480.1 7475.91 7471.42 7466.63 7461.6 7456.41 7451.22 7446.29 7442.05 7439.08 7437.98 7439.08 7442.05 7446.29 7451.22 7456.41 7461.6 7466.63 7471.42 7475.91 7480.1 7483.96 7487.5 7490.7 7493.56 7496.08 7498.23 7500.02 7501.42 7502.44 7503.05 7503.25 7503.05 7502.44 7501.42 7500.02 7498.23 7496.08 7493.56 7490.7 7487.5 7483.96 
7477.77 7473.3 7468.41 7463.1 7457.35 7451.22 7444.82 7438.41 7432.53 7428.1 7426.33 7428.1 7432.53 7438.41 7444.82 7451.22 7457.35 7463.1 7468.41 7473.3 7477.77 7481.84 7485.52 7488.81 7491.74 7494.28 7496.45 7498.23 7499.63 7500.64 7501.24 7501.44 7501.24 7500.64 7499.63 7498.23 7496.45 7494.28 7491.74 7488.81 7485.52 7481.84 
7475.85 7471.11 7465.84 7459.98 7453.49 7446.29 7438.41 7429.98 7421.55 7414.44 7411.16 7414.44 7421.55 7429.98 7438.41 7446.29 7453.49 7459.98 7465.84 7471.11 7475.85 7480.11 7483.92 7487.3 7490.28 7492.86 7495.05 7496.84 7498.23 7499.24 7499.84 7500.04 7499.84 7499.24 7498.23 7496.84 7495.05 7492.86 7490.28 7487.3 7483.92 7480.11 
7474.4 7469.43 7463.84 7457.51 7450.31 7442.05 7432.53 7421.55 7409.26 7396.96 7389.4 7396.96 7409.26 7421.55 7432.53 7442.05 7450.31 7457.51 7463.84 7469.43 7474.4 7478.82 7482.74 7486.2 7489.22 7491.83 7494.03 7495.83 7497.23 7498.23 7498.84 7499.04 7498.84 7498.23 7497.23 7495.83 7494.03 7491.83 7489.22 7486.2 7482.74 7478.82 
7473.5 7468.38 7462.56 7455.9 7448.18 7439.08 7428.1 7414.44 7396.96 7374.74 7352.53 7374.74 7396.96 7414.44 7428.1 7439.08 7448.18 7455.9 7462.56 7468.38 7473.5 7478.02 7482.02 7485.52 7488.58 7491.21 7493.42 7495.23 7496.63 7497.63 7498.23 7498.44 7498.23 7497.63 7496.63 7495.23 7493.42 7491.21 7488.58 7485.52 7482.02 7478.02 
7473.2 7468.02 7462.12 7455.33 7447.42 7437.98 7426.33 7411.16 7389.4 7352.53 7271.35 7352.53 7389.4 7411.16 7426.33 7437.98 7447.42 7455.33 7462.12 7468.02 7473.2 7477.76 7481.77 7485.3 7488.37 7491 7493.22 7495.03 7496.43 7497.43 7498.03 7498.23 7498.03 7497.43 7496.43 7495.03 7493.22 7491 7488.37 7485.3 7481.77 7477.76 
7473.5 7468.38 7462.56 7455.9 7448.18 7439.08 7428.1 7414.44 7396.96 7374.74 7352.53 7374.74 7396.96 7414.44 7428.1 7439.08 7448.18 7455.9 7462.56 7468.38 7473.5 7478.02 7482.02 7485.52 7488.58 7491.21 7493.42 7495.23 7496.63 7497.63 7498.23 7498.44 7498.23 7497.63 7496.63 7495.23 7493.42 7491.21 7488.58 7485.52 7482.02 7478.02 
7474.4 7469.43 7463.84 7457.51 7450.31 7442.05 7432.53 7421.55 7409.26 7396.96 7389.4 7396.96 7409.26 7421.55 7432.53 7442.05 7450.31 7457.51 7463.84 7469.43 7474.4 7478.82 7482.74 7486.2 7489.22 7491.83 7494.03 7495.83 7497.23 7498.23 7498.84 7499.04 7498.84 7498.23 7497.23 7495.83 7494.03 7491.83 7489.22 7486.2 7482.74 7478.82 
7475.85 7471.11 7465.84 7459.98 7453.49 7446.29 7438.41 7429.98 7421.55 7414.44 7411.16 7414.44 7421.55 7429.98 7438.41 7446.29 7453.49 7459.98 7465.84 7471.11 7475.85 7480.11 7483.92 7487.3 7490.28 7492.86 7495.05 7496.84 7498.23 7499.24 7499.84 7500.04 7499.84 7499.24 7498.23 7496.84 7495.05 7492.86 7490.28 7487.3 7483.92 7480.11 
7477.77 7473.3 7468.41 7463.1 7457.35 7451.22 7444.82 7438.41 7432.53 7428.1 7426.33 7428.1 7432.53 7438.41 7444.82 7451.22 7457.35 7463.1 7468.41 7473.3 7477.77 7481.84 7485.52 7488.81 7491.74 7494.28 7496.45 7498.23 7499.63 7500.64 7501.24 7501.44 7501.24 7500.64 7499.63 7498.23 7496.45 7494.28 7491.74 7488.81 7485.52 7481.84 
7480.1 7475.91 7471.42 7466.63 7461.6 7456.41 7451.22 7446.29 7442.05 7439.08 7437.98 7439.08 7442.05 7446.29 7451.22 7456.41 7461.6 7466.63 7471.42 7475.91 7480.1 7483.96 7487.5 7490.7 7493.56 7496.08 7498.23 7500.02 7501.42 7502.44 7503.05 7503.25 7503.05 7502.44 7501.42 7500.02 7498.23 7496.08 7493.56 7490.7 7487.5 7483.96 
7482.74 7478.83 7474.7 7470.41 7466.01 7461.6 7457.35 7453.49 7450.31 7448.18 7447.42 7448.18 7450.31 7453.49 7457.35 7461.6 7466.01 7470.41 7474.7 7478.83 7482.74 7486.4 7489.8 7492.92 7495.74 7498.23 7500.39 7502.19 7503.61 7504.64 7505.26 7505.47 7505.26 7504.64 7503.61 7502.19 7500.39 7498.23 7495.74 7492.92 7489.8 7486.4 
7485.62 7481.95 7478.15 7474.28 7470.41 7466.63 7463.1 7459.98 7457.51 7455.9 7455.33 7455.9 7457.51 7459.98 7463.1 7466.63 7470.41 7474.28 7478.15 7481.95 7485.62 7489.11 7492.4 7495.45 7498.23 7500.73 7502.91 7504.73 7506.19 7507.25 7507.89 7508.11 7507.89 7507.25 7506.19 7504.73 7502.91 7500.73 7498.23 7495.45 7492.4 7489.11 
7488.66 7485.2 7481.68 7478.15 7474.7 7471.42 7468.41 7465.84 7463.84 7462.56 7462.12 7462.56 7463.84 7465.84 7468.41 7471.42 7474.7 7478.15 7481.68 7485.2 7488.66 7492.02 7495.22 7498.23 7501.02 7503.55 7505.77 7507.66 7509.17 7510.27 7510.95 7511.18 7510.95 7510.27 7509.17 7507.66 7505.77 7503.55 7501.02 7498.23 7495.22 7492.02 
7491.82 7488.51 7485.2 7481.95 7478.83 7475.91 7473.3 7471.11 7469.43 7468.38 7468.02 7468.38 7469.43 7471.11 7473.3 7475.91 7478.83 7481.95 7485.2 7488.51 7491.82 7495.08 7498.23 7501.25 7504.07 7506.67 7508.98 7510.96 7512.56 7513.74 7514.46 7514.7 7514.46 7513.74 7512.56 7510.96 7508.98 7506.67 7504.07 7501.25 7498.23 7495.08 
7495.03 7491.82 7488.66 7485.62 7482.74 7480.1 7477.77 7475.85 7474.4 7473.5 7473.2 7473.5 7474.4 7475.85 7477.77 7480.1 7482.74 7485.62 7488.66 7491.82 7495.03 7498.23 7501.39 7504.45 7507.36 7510.07 7512.52 7514.64 7516.37 7517.66 7518.46 7518.73 7518.46 7517.66 7516.37 7514.64 7512.52 7510.07 7507.36 7504.45 7501.39 7498.23 
7498.23 7495.08 7492.02 7489.11 7486.4 7483.96 7481.84 7480.11 7478.82 7478.02 7477.76 7478.02 7478.82 7480.11 7481.84 7483.96 7486.4 7489.11 7492.02 7495.08 7498.23 7501.44 7504.65 7507.81 7510.86 7513.74 7516.38 7518.71 7520.64 7522.08 7522.98 7523.29 7522.98 7522.08 7520.64 7518.71 7516.38 7513.74 7510.86 7507.81 7504.65 7501.44 
7501.39 7498.23 7495.22 7492.4 7489.8 7487.5 7485.52 7483.92 7482.74 7482.02 7481.77 7482.02 7482.74 7483.92 7485.52 7487.5 7489.8 7492.4 7495.22 7498.23 7501.39 7504.65 7507.96 7511.27 7514.53 7517.65 7520.57 7523.18 7525.38 7527.06 7528.11 7528.47 7528.11 7527.06 7525.38 7523.18 7520.57 7517.65 7514.53 7511.27 7507.96 7504.65 
7504.45 7501.25 7498.23 7495.45 7492.92 7490.7 7488.81 7487.3 7486.2 7485.52 7485.3 7485.52 7486.2 7487.3 7488.81 7490.7 7492.92 7495.45 7498.23 7501.25 7504.45 7507.81 7511.27 7514.8 7518.33 7521.78 7525.07 7528.08 7530.66 7532.67 7533.95 7534.39 7533.95 7532.67 7530.66 7528.08 7525.07 7521.78 7518.33 7514.8 7511.27 7507.81 
7507.36 7504.07 7501.02 7498.23 7495.74 7493.56 7491.74 7490.28 7489.22 7488.58 7488.37 7488.58 7489.22 7490.28 7491.74 7493.56 7495.74 7498.23 7501.02 7504.07 7507.36 7510.86 7514.53 7518.33 7522.2 7526.08 7529.86 7533.41 7536.53 7539.01 7540.62 7541.19 7540.62 7539.01 7536.53 7533.41 7529.86 7526.08 7522.2 7518.33 7514.53 7510.86 
7510.07 7506.67 7503.55 7500.73 7498.23 7496.08 7494.28 7492.86 7491.83 7491.21 7491 7491.21 7491.83 7492.86 7494.28 7496.08 7498.23 7500.73 7503.55 7506.67 7510.07 7513.74 7517.65 7521.78 7526.08 7530.49 7534.9 7539.16 7543.04 7546.23 7548.36 7549.12 7548.36 7546.23 7543.04 7539.16 7534.9 7530.49 7526.08 7521.78 7517.65 7513.74 
7512.52 7508.98 7505.77 7502.91 7500.39 7498.23 7496.45 7495.05 7494.03 7493.42 7493.22 7493.42 7494.03 7495.05 7496.45 7498.23 7500.39 7502.91 7505.77 7508.98 7512.52 7516.38 7520.57 7525.07 7529.86 7534.9 7540.1 7545.31 7550.25 7554.5 7557.49 7558.59 7557.49 7554.5 7550.25 7545.31 7540.1 7534.9 7529.86 7525.07 7520.57 7516.38 
7514.64 7510.96 7507.66 7504.73 7502.19 7500.02 7498.23 7496.84 7495.83 7495.23 7495.03 7495.23 7495.83 7496.84 7498.23 7500.02 7502.19 7504.73 7507.66 7510.96 7514.64 7518.71 7523.18 7528.08 7533.41 7539.16 7545.31 7551.73 7558.16 7564.06 7568.51 7570.28 7568.51 7564.06 7558.16 7551.73 7545.31 7539.16 7533.41 7528.08 7523.18 7518.71 
7516.37 7512.56 7509.17 7506.19 7503.61 7501.42 7499.63 7498.23 7497.23 7496.63 7496.43 7496.63 7497.23 7498.23 7499.63 7501.42 7503.61 7506.19 7509.17 7512.56 7516.37 7520.64 7525.38 7530.66 7536.53 7543.04 7550.25 7558.16 7566.62 7575.08 7582.23 7585.53 7582.23 7575.08 7566.62 7558.16 7550.25 7543.04 7536.53 7530.66 7525.38 7520.64 
7517.66 7513.74 7510.27 7507.25 7504.64 7502.44 7500.64 7499.24 7498.23 7497.63 7497.43 7497.63 7498.23 7499.24 7500.64 7502.44 7504.64 7507.25 7510.27 7513.74 7517.66 7522.08 7527.06 7532.67 7539.01 7546.23 7554.5 7564.06 7575.08 7587.44 7599.8 7607.41 7599.8 7587.44 7575.08 7564.06 7554.5 7546.23 7539.01 7532.67 7527.06 7522.08 
7518.46 7514.46 7510.95 7507.89 7505.26 7503.05 7501.24 7499.84 7498.84 7498.23 7498.03 7498.23 7498.84 7499.84 7501.24 7503.05 7505.26 7507.89 7510.95 7514.46 7518.46 7522.98 7528.11 7533.95 7540.62 7548.36 7557.49 7568.51 7582.23 7599.8 7622.17 7644.55 7622.17 7599.8 7582.23 7568.51 7557.49 7548.36 7540.62 7533.95 7528.11 7522.98 
7518.73 7514.7 7511.18 7508.11 7505.47 7503.25 7501.44 7500.04 7499.04 7498.44 7498.23 7498.44 7499.04 7500.04 7501.44 7503.25 7505.47 7508.11 7511.18 7514.7 7518.73 7523.29 7528.47 7534.39 7541.19 7549.12 7558.59 7570.28 7585.53 7607.41 7644.55 7726.62 7644.55 7607.41 7585.53 7570.28 7558.59 7549.12 7541.19 7534.39 7528.47 7523.29 
7518.46 7514.46 7510.95 7507.89 7505.26 7503.05 7501.24 7499.84 7498.84 7498.23 7498.03 7498.23 7498.84 7499.84 7501.24 7503.05 7505.26 7507.89 7510.95 7514.46 7518.46 7522.98 7528.11 7533.95 7540.62 7548.36 7557.49 7568.51 7582.23 7599.8 7622.17 7644.55 7622.17 7599.8 7582.23 7568.51 7557.49 7548.36 7540.62 7533.95 7528.11 7522.98 
7517.66 7513.74 7510.27 7507.25 7504.64 7502.44 7500.64 7499.24 7498.23 7497.63 7497.43 7497.63 7498.23 7499.24 7500.64 7502.44 7504.64 7507.25 7510.27 7513.74 7517.66 7522.08 7527.06 7532.67 7539.01 7546.23 7554.5 7564.06 7575.08 7587.44 7599.8 7607.41 7599.8 7587.44 7575.08 7564.06 7554.5 7546.23 7539.01 7532.67 7527.06 7522.08 
7516.37 7512.56 7509.17 7506.19 7503.61 7501.42 7499.63 7498.23 7497.23 7496.63 7496.43 7496.63 7497.23 7498.23 7499.63 7501.42 7503.61 7506.19 7509.17 7512.56 7516.37 7520.64 7525.38 7530.66 7536.53 7543.04 7550.25 7558.16 7566.62 7575.08 7582.23 7585.53 7582.23 7575.08 7566.62 7558.16 7550.25 7543.04 7536.53 7530.66 7525.38 7520.64 
7514.64 7510.96 7507.66 7504.73 7502.19 7500.02 7498.23 7496.84 7495.83 7495.23 7495.03 7495.23 7495.83 7496.84 7498.23 7500.02 7502.19 7504.73 7507.66 7510.96 7514.64 7518.71 7523.18 7528.08 7533.41 7539.16 7545.31 7551.73 7558.16 7564.06 7568.51 7570.28 7568.51 7564.06 7558.16 7551.73 7545.31 7539.16 7533.41 7528.08 7523.18 7518.71 
7512.52 7508.98 7505.77 7502.91 7500.39 7498.23 7496.45 7495.05 7494.03 7493.42 7493.22 7493.42 7494.03 7495.05 7496.45 7498.23 7500.39 7502.91 7505.77 7508.98 7512.52 7516.38 7520.57 7525.07 7529.86 7534.9 7540.1 7545.31 7550.25 7554.5 7557.49 7558.59 7557.49 7554.5 7550.25 7545.31 7540.1 7534.9 7529.86 7525.07 7520.57 7516.38 
7510.07 7506.67 7503.55 7500.73 7498.23 7496.08 7494.28 7492.86 7491.83 7491.21 7491 7491.21 7491.83 7492.86 7494.28 7496.08 7498.23 7500.73 7503.55 7506.67 7510.07 7513.74 7517.65 7521.78 7526.08 7530.49 7534.9 7539.16 7543.04 7546.23 7548.36 7549.12 7548.36 7546.23 7543.04 7539.16 7534.9 7530.49 7526.08 7521.78 7517.65 7513.74 
7507.36 7504.07 7501.02 7498.23 7495.74 7493.56 7491.74 7490.28 7489.22 7488.58 7488.37 7488.58 7489.22 7490.28 7491.74 7493.56 7495.74 7498.23 7501.02 7504.07 7507.36 7510.86 7514.53 7518.33 7522.2 7526.08 7529.86 7533.41 7536.53 7539.01 7540.62 7541.19 7540.62 7539.01 7536.53 7533.41 7529.86 7526.08 7522.2 7518.33 7514.53 7510.86 
7504.45 7501.25 7498.23 7495.45 7492.92 7490.7 7488.81 7487.3 7486.2 7485.52 7485.3 7485.52 7486.2 7487.3 7488.81 7490.7 7492.92 7495.45 7498.23 7501.25 7504.45 7507.81 7511.27 7514.8 7518.33 7521.78 7525.07 7528.08 7530.66 7532.67 7533.95 7534.39 7533.95 7532.67 7530.66 7528.08 7525.07 7521.78 7518.33 7514.8 7511.27 7507.81 
7501.39 7498.23 7495.22 7492.4 7489.8 7487.5 7485.52 7483.92 7482.74 7482.02 7481.77 7482.02 7482.74 7483.92 7485.52 7487.5 7489.8 7492.4 7495.22 7498.23 7501.39 7504.65 7507.96 7511.27 7514.53 7517.65 7520.57 7523.18 7525.38 7527.06 7528.11 7528.47 7528.11 7527.06 7525.38 7523.18 7520.57 7517.65 7514.53 7511.27 7507.96 7504.65 
7498.23 7495.08 7492.02 7489.11 7486.4 7483.96 7481.84 7480.11 7478.82 7478.02 7477.76 7478.02 7478.82 7480.11 7481.84 7483.96 7486.4 7489.11 7492.02 7495.08 7498.23 7501.44 7504.65 7507.81 7510.86 7513.74 7516.38 7518.71 7520.64 7522.08 7522.98 7523.29 7522.98 7522.08 7520.64 7518.71 7516.38 7513.74 7510.86 7507.81 7504.65 7501.44 
