7495 7491.77 7488.59 7485.52 7482.62 7479.96 7477.62 7475.68 7474.22 7473.32 7473.01 7473.32 7474.22 7475.68 7477.62 7479.96 7482.62 7485.52 7488.59 7491.77 7495 7498.23 7501.42 7504.5 7507.44 7510.16 7512.63 7514.77 7516.51 7517.81 7518.61 7518.88 7518.61 7517.81 7516.51 7514.77 7512.63 7510.16 7507.44 7504.5 7501.42 7498.23 
7491.77 7488.44 7485.1 7481.83 7478.68 7475.75 7473.12 7470.91 7469.23 7468.17 7467.81 7468.17 7469.23 7470.91 7473.12 7475.75 7478.68 7481.83 7485.1 7488.44 7491.77 7495.05 7498.23 7501.27 7504.12 7506.74 7509.06 7511.06 7512.67 7513.86 7514.59 7514.84 7514.59 7513.86 7512.67 7511.06 7509.06 7506.74 7504.12 7501.27 7498.23 7495.05 
7488.59 7485.1 7481.55 7478.01 7474.53 7471.23 7468.21 7465.62 7463.61 7462.33 7461.89 7462.33 7463.61 7465.62 7468.21 7471.23 7474.53 7478.01 7481.55 7485.1 7488.59 7491.97 7495.2 7498.23 7501.05 7503.59 7505.83 7507.74 7509.26 7510.38 7511.06 7511.28 7511.06 7510.38 7509.26 7507.74 7505.83 7503.59 7501.05 7498.23 7495.2 7491.97 
7485.52 7481.83 7478.01 7474.11 7470.21 7466.42 7462.87 7459.74 7457.26 7455.64 7455.08 7455.64 7457.26 7459.74 7462.87 7466.42 7470.21 7474.11 7478.01 7481.83 7485.52 7489.04 7492.35 7495.42 7498.23 7500.75 7502.95 7504.79 7506.26 7507.32 7507.97 7508.19 7507.97 7507.32 7506.26 7504.79 7502.95 7500.75 7498.23 7495.42 7492.35 7489.04 
7482.62 7478.68 7474.53 7470.21 7465.79 7461.37 7457.11 7453.23 7450.04 7447.9 7447.14 7447.9 7450.04 7453.23 7457.11 7461.37 7465.79 7470.21 7474.53 7478.68 7482.62 7486.31 7489.74 7492.88 7495.72 7498.23 7500.41 7502.22 7503.66 7504.69 7505.32 7505.53 7505.32 7504.69 7503.66 7502.22 7500.41 7498.23 7495.72 7492.88 7489.74 7486.31 
7479.96 7475.75 7471.23 7466.42 7461.37 7456.16 7450.95 7446.01 7441.77 7438.78 7437.68 7438.78 7441.77 7446.01 7450.95 7456.16 7461.37 7466.42 7471.23 7475.75 7479.96 7483.85 7487.41 7490.64 7493.52 7496.06 7498.23 7500.04 7501.45 7502.47 7503.09 7503.3 7503.09 7502.47 7501.45 7500.04 7498.23 7496.06 7493.52 7490.64 7487.41 7483.85 
7477.62 7473.12 7468.21 7462.87 7457.11 7450.95 7444.53 7438.11 7432.23 7427.79 7426.02 7427.79 7432.23 7438.11 7444.53 7450.95 7457.11 7462.87 7468.21 7473.12 7477.62 7481.71 7485.41 7488.74 7491.68 7494.25 7496.43 7498.23 7499.64 7500.66 7501.27 7501.47 7501.27 7500.66 7499.64 7498.23 7496.43 7494.25 7491.68 7488.74 7485.41 7481.71 
7475.68 7470.91 7465.62 7459.74 7453.23 7446.01 7438.11 7429.67 7421.24 7414.12 7410.83 7414.12 7421.24 7429.67 7438.11 7446.01 7453.23 7459.74 7465.62 7470.91 7475.68 7479.97 7483.8 7487.21 7490.21 7492.81 7495.02 7496.82 7498.23 7499.24 7499.85 7500.05 7499.85 7499.24 7498.23 7496.82 7495.02 7492.81 7490.21 7487.21 7483.8 7479.97 
7474.22 7469.23 7463.61 7457.26 7450.04 7441.77 7432.23 7421.24 7408.93 7396.63 7389.07 7396.63 7408.93 7421.24 7432.23 7441.77 7450.04 7457.26 7463.61 7469.23 7474.22 7478.67 7482.61 7486.1 7489.15 7491.78 7494 7495.81 7497.22 7498.23 7498.84 7499.04 7498.84 7498.23 7497.22 7495.81 7494 7491.78 7489.15 7486.1 7482.61 7478.67 
7473.32 7468.17 7462.33 7455.64 7447.9 7438.78 7427.79 7414.12 7396.63 7374.41 7352.2 7374.41 7396.63 7414.12 7427.79 7438.78 7447.9 7455.64 7462.33 7468.17 7473.32 7477.87 7481.88 7485.42 7488.5 7491.15 7493.38 7495.2 7496.62 7497.63 7498.23 7498.44 7498.23 7497.63 7496.62 7495.2 7493.38 7491.15 7488.5 7485.42 7481.88 7477.87 
7473.01 7467.81 7461.89 7455.08 7447.14 7437.68 7426.02 7410.83 7389.07 7352.2 7271.01 7352.2 7389.07 7410.83 7426.02 7437.68 7447.14 7455.08 7461.89 7467.81 7473.01 7477.6 7481.64 7485.19 7488.28 7490.94 7493.17 7495 7496.41 7497.43 7498.03 7498.23 7498.03 7497.43 7496.41 7495 7493.17 7490.94 7488.28 7485.19 7481.64 7477.6 
7473.32 7468.17 7462.33 7455.64 7447.9 7438.78 7427.79 7414.12 7396.63 7374.41 7352.2 7374.41 7396.63 7414.12 7427.79 7438.78 7447.9 7455.64 7462.33 7468.17 7473.32 7477.87 7481.88 7485.42 7488.5 7491.15 7493.38 7495.2 7496.62 7497.63 7498.23 7498.44 7498.23 7497.63 7496.62 7495.2 7493.38 7491.15 7488.5 7485.42 7481.88 7477.87 
7474.22 7469.23 7463.61 7457.26 7450.04 7441.77 7432.23 7421.24 7408.93 7396.63 7389.07 7396.63 7408.93 7421.24 7432.23 7441.77 7450.04 7457.26 7463.61 7469.23 7474.22 7478.67 7482.61 7486.1 7489.15 7491.78 7494 7495.81 7497.22 7498.23 7498.84 7499.04 7498.84 7498.23 7497.22 7495.81 7494 7491.78 7489.15 7486.1 7482.61 7478.67 
7475.68 7470.91 7465.62 7459.74 7453.23 7446.01 7438.11 7429.67 7421.24 7414.12 7410.83 7414.12 7421.24 7429.67 7438.11 7446.01 7453.23 7459.74 7465.62 7470.91 7475.68 7479.97 7483.8 7487.21 7490.21 7492.81 7495.02 7496.82 7498.23 7499.24 7499.85 7500.05 7499.85 7499.24 7498.23 7496.82 7495.02 7492.81 7490.21 7487.21 7483.8 7479.97 
7477.62 7473.12 7468.21 7462.87 7457.11 7450.95 7444.53 7438.11 7432.23 7427.79 7426.02 7427.79 7432.23 7438.11 7444.53 7450.95 7457.11 7462.87 7468.21 7473.12 7477.62 7481.71 7485.41 7488.74 7491.68 7494.25 7496.43 7498.23 7499.64 7500.66 7501.27 7501.47 7501.27 7500.66 7499.64 7498.23 7496.43 7494.25 7491.68 7488.74 7485.41 7481.71 
7479.96 7475.75 7471.23 7466.42 7461.37 7456.16 7450.95 7446.01 7441.77 7438.78 7437.68 7438.78 7441.77 7446.01 7450.95 7456.16 7461.37 7466.42 7471.23 7475.75 7479.96 7483.85 7487.41 7490.64 7493.52 7496.06 7498.23 7500.04 7501.45 7502.47 7503.09 7503.3 7503.09 7502.47 7501.45 7500.04 7498.23 7496.06 7493.52 7490.64 7487.41 7483.85 
7482.62 7478.68 7474.53 7470.21 7465.79 7461.37 7457.11 7453.23 7450.04 7447.9 7447.14 7447.9 7450.04 7453.23 7457.11 7461.37 7465.79 7470.21 7474.53 7478.68 7482.62 7486.31 7489.74 7492.88 7495.72 7498.23 7500.41 7502.22 7503.66 7504.69 7505.32 7505.53 7505.32 7504.69 7503.66 7502.22 7500.41 7498.23 7495.72 7492.88 7489.74 7486.31 
7485.52 7481.83 7478.01 7474.11 7470.21 7466.42 7462.87 7459.74 7457.26 7455.64 7455.08 7455.64 7457.26 7459.74 7462.87 7466.42 7470.21 7474.11 7478.01 7481.83 7485.52 7489.04 7492.35 7495.42 7498.23 7500.75 7502.95 7504.79 7506.26 7507.32 7507.97 7508.19 7507.97 7507.32 7506.26 7504.79 7502.95 7500.75 7498.23 7495.42 7492.35 7489.04 
7488.59 7485.1 7481.55 7478.01 7474.53 7471.23 7468.21 7465.62 7463.61 7462.33 7461.89 7462.33 7463.61 7465.62 7468.21 7471.23 7474.53 7478.01 7481.55 7485.1 7488.59 7491.97 7495.2 7498.23 7501.05 7503.59 7505.83 7507.74 7509.26 7510.38 7511.06 7511.28 7511.06 7510.38 7509.26 7507.74 7505.83 7503.59 7501.05 7498.23 7495.2 7491.97 
7491.77 7488.44 7485.1 7481.83 7478.68 7475.75 7473.12 7470.91 7469.23 7468.17 7467.81 7468.17 7469.23 7470.91 7473.12 7475.75 7478.68 7481.83 7485.1 7488.44 7491.77 7495.05 7498.23 7501.27 7504.12 7506.74 7509.06 7511.06 7512.67 7513.86 7514.59 7514.84 7514.59 7513.86 7512.67 7511.06 7509.06 7506.74 7504.12 7501.27 7498.23 7495.05 
7495 7491.77 7488.59 7485.52 7482.62 7479.96 7477.62 7475.68 7474.22 7473.32 7473.01 7473.32 7474.22 7475.68 7477.62 7479.96 7482.62 7485.52 7488.59 7491.77 7495 7498.23 7501.42 7504.5 7507.44 7510.16 7512.63 7514.77 7516.51 7517.81 7518.61 7518.88 7518.61 7517.81 7516.51 7514.77 7512.63 7510.16 7507.44 7504.5 7501.42 7498.23 
7498.23 7495.05 7491.97 7489.04 7486.31 7483.85 7481.71 7479.97 7478.67 7477.87 7477.6 7477.87 7478.67 7479.97 7481.71 7483.85 7486.31 7489.04 7491.97 7495.05 7498.23 7501.47 7504.7 7507.88 7510.96 7513.86 7516.52 7518.86 7520.8 7522.26 7523.17 7523.48 7523.17 7522.26 7520.8 7518.86 7516.52 7513.86 7510.96 7507.88 7504.7 7501.47 
7501.42 7498.23 7495.2 7492.35 7489.74 7487.41 7485.41 7483.8 7482.61 7481.88 7481.64 7481.88 7482.61 7483.8 7485.41 7487.41 7489.74 7492.35 7495.2 7498.23 7501.42 7504.7 7508.04 7511.37 7514.65 7517.8 7520.74 7523.36 7525.58 7527.26 7528.32 7528.68 7528.32 7527.26 7525.58 7523.36 7520.74 7517.8 7514.65 7511.37 7508.04 7504.7 
7504.5 7501.27 7498.23 7495.42 7492.88 7490.64 7488.74 7487.21 7486.1 7485.42 7485.19 7485.42 7486.1 7487.21 7488.74 7490.64 7492.88 7495.42 7498.23 7501.27 7504.5 7507.88 7511.37 7514.92 7518.47 7521.95 7525.26 7528.28 7530.88 7532.89 7534.18 7534.62 7534.18 7532.89 7530.88 7528.28 7525.26 7521.95 7518.47 7514.92 7511.37 7507.88 
7507.44 7504.12 7501.05 7498.23 7495.72 7493.52 7491.68 7490.21 7489.15 7488.5 7488.28 7488.5 7489.15 7490.21 7491.68 7493.52 7495.72 7498.23 7501.05 7504.12 7507.44 7510.96 7514.65 7518.47 7522.37 7526.28 7530.08 7533.63 7536.77 7539.26 7540.88 7541.44 7540.88 7539.26 7536.77 7533.63 7530.08 7526.28 7522.37 7518.47 7514.65 7510.96 
7510.16 7506.74 7503.59 7500.75 7498.23 7496.06 7494.25 7492.81 7491.78 7491.15 7490.94 7491.15 7491.78 7492.81 7494.25 7496.06 7498.23 7500.75 7503.59 7506.74 7510.16 7513.86 7517.8 7521.95 7526.28 7530.71 7535.14 7539.41 7543.3 7546.5 7548.64 7549.4 7548.64 7546.5 7543.3 7539.41 7535.14 7530.71 7526.28 7521.95 7517.8 7513.86 
7512.63 7509.06 7505.83 7502.95 7500.41 7498.23 7496.43 7495.02 7494 7493.38 7493.17 7493.38 7494 7495.02 7496.43 7498.23 7500.41 7502.95 7505.83 7509.06 7512.63 7516.52 7520.74 7525.26 7530.08 7535.14 7540.36 7545.58 7550.53 7554.79 7557.79 7558.89 7557.79 7554.79 7550.53 7545.58 7540.36 7535.14 7530.08 7525.26 7520.74 7516.52 
7514.77 7511.06 7507.74 7504.79 7502.22 7500.04 7498.23 7496.82 7495.81 7495.2 7495 7495.2 7495.81 7496.82 7498.23 7500.04 7502.22 7504.79 7507.74 7511.06 7514.77 7518.86 7523.36 7528.28 7533.63 7539.41 7545.58 7552.02 7558.46 7564.37 7568.82 7570.6 7568.82 7564.37 7558.46 7552.02 7545.58 7539.41 7533.63 7528.28 7523.36 7518.86 
7516.51 7512.67 7509.26 7506.26 7503.66 7501.45 7499.64 7498.23 7497.22 7496.62 7496.41 7496.62 7497.22 7498.23 7499.64 7501.45 7503.66 7506.26 7509.26 7512.67 7516.51 7520.8 7525.58 7530.88 7536.77 7543.3 7550.53 7558.46 7566.93 7575.4 7582.55 7585.86 7582.55 7575.4 7566.93 7558.46 7550.53 7543.3 7536.77 7530.88 7525.58 7520.8 
7517.81 7513.86 7510.38 7507.32 7504.69 7502.47 7500.66 7499.24 7498.23 7497.63 7497.43 7497.63 7498.23 7499.24 7500.66 7502.47 7504.69 7507.32 7510.38 7513.86 7517.81 7522.26 7527.26 7532.89 7539.26 7546.5 7554.79 7564.37 7575.4 7587.77 7600.14 7607.75 7600.14 7587.77 7575.4 7564.37 7554.79 7546.5 7539.26 7532.89 7527.26 7522.26 
7518.61 7514.59 7511.06 7507.97 7505.32 7503.09 7501.27 7499.85 7498.84 7498.23 7498.03 7498.23 7498.84 7499.85 7501.27 7503.09 7505.32 7507.97 7511.06 7514.59 7518.61 7523.17 7528.32 7534.18 7540.88 7548.64 7557.79 7568.82 7582.55 7600.14 7622.51 7644.89 7622.51 7600.14 7582.55 7568.82 7557.79 7548.64 7540.88 7534.18 7528.32 7523.17 
7518.88 7514.84 7511.28 7508.19 7505.53 7503.3 7501.47 7500.05 7499.04 7498.44 7498.23 7498.44 7499.04 7500.05 7501.47 7503.3 7505.53 7508.19 7511.28 7514.84 7518.88 7523.48 7528.68 7534.62 7541.44 7549.4 7558.89 7570.6 7585.86 7607.75 7644.89 7726.97 7644.89 7607.75 7585.86 7570.6 7558.89 7549.4 7541.44 7534.62 7528.68 7523.48 
7518.61 7514.59 7511.06 7507.97 7505.32 7503.09 7501.27 7499.85 7498.84 7498.23 7498.03 7498.23 7498.84 7499.85 7501.27 7503.09 7505.32 7507.97 7511.06 7514.59 7518.61 7523.17 7528.32 7534.18 7540.88 7548.64 7557.79 7568.82 7582.55 7600.14 7622.51 7644.89 7622.51 7600.14 7582.55 7568.82 7557.79 7548.64 7540.88 7534.18 7528.32 7523.17 
7517.81 7513.86 7510.38 7507.32 7504.69 7502.47 7500.66 7499.24 7498.23 7497.63 7497.43 7497.63 7498.23 7499.24 7500.66 7502.47 7504.69 7507.32 7510.38 7513.86 7517.81 7522.26 7527.26 7532.89 7539.26 7546.5 7554.79 7564.37 7575.4 7587.77 7600.14 7607.75 7600.14 7587.77 7575.4 7564.37 7554.79 7546.5 7539.26 7532.89 7527.26 7522.26 
7516.51 7512.67 7509.26 7506.26 7503.66 7501.45 7499.64 7498.23 7497.22 7496.62 7496.41 7496.62 7497.22 7498.23 7499.64 7501.45 7503.66 7506.26 7509.26 7512.67 7516.51 7520.8 7525.58 7530.88 7536.77 7543.3 7550.53 7558.46 7566.93 7575.4 7582.55 7585.86 7582.55 7575.4 7566.93 7558.46 7550.53 7543.3 7536.77 7530.88 7525.58 7520.8 
7514.77 7511.06 7507.74 7504.79 7502.22 7500.04 7498.23 7496.82 7495.81 7495.2 7495 7495.2 7495.81 7496.82 7498.23 7500.04 7502.22 7504.79 7507.74 7511.06 7514.77 7518.86 7523.36 7528.28 7533.63 7539.41 7545.58 7552.02 7558.46 7564.37 7568.82 7570.6 7568.82 7564.37 7558.46 7552.02 7545.58 7539.41 7533.63 7528.28 7523.36 7518.86 
7512.63 7509.06 7505.83 7502.95 7500.41 7498.23 7496.43 7495.02 7494 7493.38 7493.17 7493.38 7494 7495.02 7496.43 7498.23 7500.41 7502.95 7505.83 7509.06 7512.63 7516.52 7520.74 7525.26 7530.08 7535.14 7540.36 7545.58 7550.53 7554.79 7557.79 7558.89 7557.79 7554.79 7550.53 7545.58 7540.36 7535.14 7530.08 7525.26 7520.74 7516.52 
7510.16 7506.74 7503.59 7500.75 7498.23 7496.06 7494.25 7492.81 7491.78 7491.15 7490.94 7491.15 7491.78 7492.81 7494.25 7496.06 7498.23 7500.75 7503.59 7506.74 7510.16 7513.86 7517.8 7521.95 7526.28 7530.71 7535.14 7539.41 7543.3 7546.5 7548.64 7549.4 7548.64 7546.5 7543.3 7539.41 7535.14 7530.71 7526.28 7521.95 7517.8 7513.86 
7507.44 7504.12 7501.05 7498.23 7495.72 7493.52 7491.68 7490.21 7489.15 7488.5 7488.28 7488.5 7489.15 7490.21 7491.68 7493.52 7495.72 7498.23 7501.05 7504.12 7507.44 7510.96 7514.65 7518.47 7522.37 7526.28 7530.08 7533.63 7536.77 7539.26 7540.88 7541.44 7540.88 7539.26 7536.77 7533.63 7530.08 7526.28 7522.37 7518.47 7514.65 7510.96 
7504.5 7501.27 7498.23 7495.42 7492.88 7490.64 7488.74 7487.21 7486.1 7485.42 7485.19 7485.42 7486.1 7487.21 7488.74 7490.64 7492.88 7495.42 7498.23 7501.27 7504.5 7507.88 7511.37 7514.92 7518.47 7521.95 7525.26 7528.28 7530.88 7532.89 7534.18 7534.62 7534.18 7532.89 7530.88 7528.28 7525.26 7521.95 7518.47 7514.92 7511.37 7507.88 
7501.42 7498.23 7495.2 7492.35 7489.74 7487.41 7485.41 7483.8 7482.61 7481.88 7481.64 7481.88 7482.61 7483.8 7485.41 7487.41 7489.74 7492.35 7495.2 7498.23 7501.42 7504.7 7508.04 7511.37 7514.65 7517.8 7520.74 7523.36 7525.58 7527.26 7528.32 7528.68 7528.32 7527.26 7525.58 7523.36 7520.74 7517.8 7514.65 7511.37 7508.04 7504.7 
7498.23 7495.05 7491.97 7489.04 7486.31 7483.85 7481.71 7479.97 7478.67 7477.87 7477.6 7477.87 7478.67 7479.97 7481.71 7483.85 7486.31 7489.04 7491.97 7495.05 7498.23 7501.47 7504.7 7507.88 7510.96 7513.86 7516.52 7518.86 7520.8 7522.26 7523.17 7523.48 7523.17 7522.26 7520.8 7518.86 7516.52 7513.86 7510.96 7507.88 7504.7 7501.47 
