7494.99 7491.76 7488.57 7485.49 7482.58 7479.92 7477.58 7475.64 7474.18 7473.27 7472.96 7473.27 7474.18 7475.64 7477.58 7479.92 7482.58 7485.49 7488.57 7491.76 7494.99 7498.23 7501.42 7504.51 7507.45 7510.19 7512.66 7514.8 7516.55 7517.85 7518.65 7518.93 7518.65 7517.85 7516.55 7514.8 7512.66 7510.19 7507.45 7504.51 7501.42 7498.23 
7491.76 7488.42 7485.07 7481.79 7478.64 7475.7 7473.08 7470.86 7469.18 7468.12 7467.76 7468.12 7469.18 7470.86 7473.08 7475.7 7478.64 7481.79 7485.07 7488.42 7491.76 7495.04 7498.23 7501.28 7504.13 7506.75 7509.09 7511.09 7512.7 7513.9 7514.63 7514.87 7514.63 7513.9 7512.7 7511.09 7509.09 7506.75 7504.13 7501.28 7498.23 7495.04 
7488.57 7485.07 7481.52 7477.97 7474.49 7471.18 7468.16 7465.56 7463.55 7462.27 7461.83 7462.27 7463.55 7465.56 7468.16 7471.18 7474.49 7477.97 7481.52 7485.07 7488.57 7491.95 7495.19 7498.23 7501.05 7503.6 7505.85 7507.76 7509.28 7510.4 7511.08 7511.31 7511.08 7510.4 7509.28 7507.76 7505.85 7503.6 7501.05 7498.23 7495.19 7491.95 
7485.49 7481.79 7477.97 7474.07 7470.16 7466.37 7462.81 7459.68 7457.19 7455.58 7455.01 7455.58 7457.19 7459.68 7462.81 7466.37 7470.16 7474.07 7477.97 7481.79 7485.49 7489.02 7492.34 7495.42 7498.23 7500.76 7502.96 7504.8 7506.28 7507.35 7507.99 7508.21 7507.99 7507.35 7506.28 7504.8 7502.96 7500.76 7498.23 7495.42 7492.34 7489.02 
7482.58 7478.64 7474.49 7470.16 7465.74 7461.31 7457.04 7453.16 7449.97 7447.83 7447.07 7447.83 7449.97 7453.16 7457.04 7461.31 7465.74 7470.16 7474.49 7478.64 7482.58 7486.28 7489.72 7492.87 7495.71 7498.23 7500.41 7502.23 7503.67 7504.71 7505.34 7505.55 7505.34 7504.71 7503.67 7502.23 7500.41 7498.23 7495.71 7492.87 7489.72 7486.28 
7479.92 7475.7 7471.18 7466.37 7461.31 7456.1 7450.89 7445.94 7441.69 7438.71 7437.61 7438.71 7441.69 7445.94 7450.89 7456.1 7461.31 7466.37 7471.18 7475.7 7479.92 7483.82 7487.39 7490.62 7493.51 7496.05 7498.23 7500.04 7501.46 7502.48 7503.1 7503.31 7503.1 7502.48 7501.46 7500.04 7498.23 7496.05 7493.51 7490.62 7487.39 7483.82 
7477.58 7473.08 7468.16 7462.81 7457.04 7450.89 7444.46 7438.04 7432.15 7427.71 7425.94 7427.71 7432.15 7438.04 7444.46 7450.89 7457.04 7462.81 7468.16 7473.08 7477.58 7481.68 7485.39 7488.72 7491.67 7494.24 7496.43 7498.23 7499.65 7500.66 7501.27 7501.48 7501.27 7500.66 7499.65 7498.23 7496.43 7494.24 7491.67 7488.72 7485.39 7481.68 
7475.64 7470.86 7465.56 7459.68 7453.16 7445.94 7438.04 7429.59 7421.16 7414.04 7410.75 7414.04 7421.16 7429.59 7438.04 7445.94 7453.16 7459.68 7465.56 7470.86 7475.64 7479.93 7483.77 7487.19 7490.19 7492.8 7495.01 7496.82 7498.23 7499.25 7499.86 7500.06 7499.86 7499.25 7498.23 7496.82 7495.01 7492.8 7490.19 7487.19 7483.77 7479.93 
7474.18 7469.18 7463.55 7457.19 7449.97 7441.69 7432.15 7421.16 7408.85 7396.54 7388.98 7396.54 7408.85 7421.16 7432.15 7441.69 7449.97 7457.19 7463.55 7469.18 7474.18 7478.63 7482.58 7486.07 7489.13 7491.76 7493.99 7495.81 7497.22 7498.23 7498.84 7499.05 7498.84 7498.23 7497.22 7495.81 7493.99 7491.76 7489.13 7486.07 7482.58 7478.63 
7473.27 7468.12 7462.27 7455.58 7447.83 7438.71 7427.71 7414.04 7396.54 7374.32 7352.11 7374.32 7396.54 7414.04 7427.71 7438.71 7447.83 7455.58 7462.27 7468.12 7473.27 7477.83 7481.85 7485.39 7488.48 7491.13 7493.37 7495.19 7496.61 7497.63 7498.23 7498.44 7498.23 7497.63 7496.61 7495.19 7493.37 7491.13 7488.48 7485.39 7481.85 7477.83 
7472.96 7467.76 7461.83 7455.01 7447.07 7437.61 7425.94 7410.75 7388.98 7352.11 7270.92 7352.11 7388.98 7410.75 7425.94 7437.61 7447.07 7455.01 7461.83 7467.76 7472.96 7477.56 7481.6 7485.16 7488.26 7490.92 7493.16 7494.99 7496.41 7497.42 7498.03 7498.23 7498.03 7497.42 7496.41 7494.99 7493.16 7490.92 7488.26 7485.16 7481.6 7477.56 
7473.27 7468.12 7462.27 7455.58 7447.83 7438.71 7427.71 7414.04 7396.54 7374.32 7352.11 7374.32 7396.54 7414.04 7427.71 7438.71 7447.83 7455.58 7462.27 7468.12 7473.27 7477.83 7481.85 7485.39 7488.48 7491.13 7493.37 7495.19 7496.61 7497.63 7498.23 7498.44 7498.23 7497.63 7496.61 7495.19 7493.37 7491.13 7488.48 7485.39 7481.85 7477.83 
7474.18 7469.18 7463.55 7457.19 7449.97 7441.69 7432.15 7421.16 7408.85 7396.54 7388.98 7396.54 7408.85 7421.16 7432.15 7441.69 7449.97 7457.19 7463.55 7469.18 7474.18 7478.63 7482.58 7486.07 7489.13 7491.76 7493.99 7495.81 7497.22 7498.23 7498.84 7499.05 7498.84 7498.23 7497.22 7495.81 7493.99 7491.76 7489.13 7486.07 7482.58 7478.63 
7475.64 7470.86 7465.56 7459.68 7453.16 7445.94 7438.04 7429.59 7421.16 7414.04 7410.75 7414.04 7421.16 7429.59 7438.04 7445.94 7453.16 7459.68 7465.56 7470.86 7475.64 7479.93 7483.77 7487.19 7490.19 7492.8 7495.01 7496.82 7498.23 7499.25 7499.86 7500.06 7499.86 7499.25 7498.23 7496.82 7495.01 7492.8 7490.19 7487.19 7483.77 7479.93 
7477.58 7473.08 7468.16 7462.81 7457.04 7450.89 7444.46 7438.04 7432.15 7427.71 7425.94 7427.71 7432.15 7438.04 7444.46 7450.89 7457.04 7462.81 7468.16 7473.08 7477.58 7481.68 7485.39 7488.72 7491.67 7494.24 7496.43 7498.23 7499.65 7500.66 7501.27 7501.48 7501.27 7500.66 7499.65 7498.23 7496.43 7494.24 7491.67 7488.72 7485.39 7481.68 
7479.92 7475.7 7471.18 7466.37 7461.31 7456.1 7450.89 7445.94 7441.69 7438.71 7437.61 7438.71 7441.69 7445.94 7450.89 7456.1 7461.31 7466.37 7471.18 7475.7 7479.92 7483.82 7487.39 7490.62 7493.51 7496.05 7498.23 7500.04 7501.46 7502.48 7503.1 7503.31 7503.1 7502.48 7501.46 7500.04 7498.23 7496.05 7493.51 7490.62 7487.39 7483.82 
7482.58 7478.64 7474.49 7470.16 7465.74 7461.31 7457.04 7453.16 7449.97 7447.83 7447.07 7447.83 7449.97 7453.16 7457.04 7461.31 7465.74 7470.16 7474.49 7478.64 7482.58 7486.28 7489.72 7492.87 7495.71 7498.23 7500.41 7502.23 7503.67 7504.71 7505.34 7505.55 7505.34 7504.71 7503.67 7502.23 7500.41 7498.23 7495.71 7492.87 7489.72 7486.28 
7485.49 7481.79 7477.97 7474.07 7470.16 7466.37 7462.81 7459.68 7457.19 7455.58 7455.01 7455.58 7457.19 7459.68 7462.81 7466.37 7470.16 7474.07 7477.97 7481.79 7485.49 7489.02 7492.34 7495.42 7498.23 7500.76 7502.96 7504.8 7506.28 7507.35 7507.99 7508.21 7507.99 7507.35 7506.28 7504.8 7502.96 7500.76 7498.23 7495.42 7492.34 7489.02 
7488.57 7485.07 7481.52 7477.97 7474.49 7471.18 7468.16 7465.56 7463.55 7462.27 7461.83 7462.27 7463.55 7465.56 7468.16 7471.18 7474.49 7477.97 7481.52 7485.07 7488.57 7491.95 7495.19 7498.23 7501.05 7503.6 7505.85 7507.76 7509.28 7510.4 7511.08 7511.31 7511.08 7510.4 7509.28 7507.76 7505.85 7503.6 7501.05 7498.23 7495.19 7491.95 
7491.76 7488.42 7485.07 7481.79 7478.64 7475.7 7473.08 7470.86 7469.18 7468.12 7467.76 7468.12 7469.18 7470.86 7473.08 7475.7 7478.64 7481.79 7485.07 7488.42 7491.76 7495.04 7498.23 7501.28 7504.13 7506.75 7509.09 7511.09 7512.7 7513.9 7514.63 7514.87 7514.63 7513.9 7512.7 7511.09 7509.09 7506.75 7504.13 7501.28 7498.23 7495.04 
7494.99 7491.76 7488.57 7485.49 7482.58 7479.92 7477.58 7475.64 7474.18 7473.27 7472.96 7473.27 7474.18 7475.64 7477.58 7479.92 7482.58 7485.49 7488.57 7491.76 7494.99 7498.23 7501.42 7504.51 7507.45 7510.19 7512.66 7514.8 7516.55 7517.85 7518.65 7518.93 7518.65 7517.85 7516.55 7514.8 7512.66 7510.19 7507.45 7504.51 7501.42 7498.23 
7498.23 7495.04 7491.95 7489.02 7486.28 7483.82 7481.68 7479.93 7478.63 7477.83 7477.56 7477.83 7478.63 7479.93 7481.68 7483.82 7486.28 7489.02 7491.95 7495.04 7498.23 7501.47 7504.71 7507.9 7510.98 7513.89 7516.56 7518.9 7520.85 7522.31 7523.21 7523.52 7523.21 7522.31 7520.85 7518.9 7516.56 7513.89 7510.98 7507.9 7504.71 7501.47 
7501.42 7498.23 7495.19 7492.34 7489.72 7487.39 7485.39 7483.77 7482.58 7481.85 7481.6 7481.85 7482.58 7483.77 7485.39 7487.39 7489.72 7492.34 7495.19 7498.23 7501.42 7504.71 7508.06 7511.4 7514.68 7517.84 7520.78 7523.41 7525.63 7527.31 7528.38 7528.74 7528.38 7527.31 7525.63 7523.41 7520.78 7517.84 7514.68 7511.4 7508.06 7504.71 
7504.51 7501.28 7498.23 7495.42 7492.87 7490.62 7488.72 7487.19 7486.07 7485.39 7485.16 7485.39 7486.07 7487.19 7488.72 7490.62 7492.87 7495.42 7498.23 7501.28 7504.51 7507.9 7511.4 7514.96 7518.51 7522 7525.31 7528.34 7530.94 7532.95 7534.24 7534.68 7534.24 7532.95 7530.94 7528.34 7525.31 7522 7518.51 7514.96 7511.4 7507.9 
7507.45 7504.13 7501.05 7498.23 7495.71 7493.51 7491.67 7490.19 7489.13 7488.48 7488.26 7488.48 7489.13 7490.19 7491.67 7493.51 7495.71 7498.23 7501.05 7504.13 7507.45 7510.98 7514.68 7518.51 7522.42 7526.33 7530.13 7533.69 7536.83 7539.32 7540.95 7541.51 7540.95 7539.32 7536.83 7533.69 7530.13 7526.33 7522.42 7518.51 7514.68 7510.98 
7510.19 7506.75 7503.6 7500.76 7498.23 7496.05 7494.24 7492.8 7491.76 7491.13 7490.92 7491.13 7491.76 7492.8 7494.24 7496.05 7498.23 7500.76 7503.6 7506.75 7510.19 7513.89 7517.84 7522 7526.33 7530.76 7535.2 7539.48 7543.37 7546.57 7548.71 7549.47 7548.71 7546.57 7543.37 7539.48 7535.2 7530.76 7526.33 7522 7517.84 7513.89 
7512.66 7509.09 7505.85 7502.96 7500.41 7498.23 7496.43 7495.01 7493.99 7493.37 7493.16 7493.37 7493.99 7495.01 7496.43 7498.23 7500.41 7502.96 7505.85 7509.09 7512.66 7516.56 7520.78 7525.31 7530.13 7535.2 7540.42 7545.65 7550.61 7554.87 7557.86 7558.97 7557.86 7554.87 7550.61 7545.65 7540.42 7535.2 7530.13 7525.31 7520.78 7516.56 
7514.8 7511.09 7507.76 7504.8 7502.23 7500.04 7498.23 7496.82 7495.81 7495.19 7494.99 7495.19 7495.81 7496.82 7498.23 7500.04 7502.23 7504.8 7507.76 7511.09 7514.8 7518.9 7523.41 7528.34 7533.69 7539.48 7545.65 7552.09 7558.54 7564.45 7568.9 7570.68 7568.9 7564.45 7558.54 7552.09 7545.65 7539.48 7533.69 7528.34 7523.41 7518.9 
7516.55 7512.7 7509.28 7506.28 7503.67 7501.46 7499.65 7498.23 7497.22 7496.61 7496.41 7496.61 7497.22 7498.23 7499.65 7501.46 7503.67 7506.28 7509.28 7512.7 7516.55 7520.85 7525.63 7530.94 7536.83 7543.37 7550.61 7558.54 7567.01 7575.48 7582.64 7585.94 7582.64 7575.48 7567.01 7558.54 7550.61 7543.37 7536.83 7530.94 7525.63 7520.85 
7517.85 7513.9 7510.4 7507.35 7504.71 7502.48 7500.66 7499.25 7498.23 7497.63 7497.42 7497.63 7498.23 7499.25 7500.66 7502.48 7504.71 7507.35 7510.4 7513.9 7517.85 7522.31 7527.31 7532.95 7539.32 7546.57 7554.87 7564.45 7575.48 7587.85 7600.23 7607.84 7600.23 7587.85 7575.48 7564.45 7554.87 7546.57 7539.32 7532.95 7527.31 7522.31 
7518.65 7514.63 7511.08 7507.99 7505.34 7503.1 7501.27 7499.86 7498.84 7498.23 7498.03 7498.23 7498.84 7499.86 7501.27 7503.1 7505.34 7507.99 7511.08 7514.63 7518.65 7523.21 7528.38 7534.24 7540.95 7548.71 7557.86 7568.9 7582.64 7600.23 7622.6 7644.98 7622.6 7600.23 7582.64 7568.9 7557.86 7548.71 7540.95 7534.24 7528.38 7523.21 
7518.93 7514.87 7511.31 7508.21 7505.55 7503.31 7501.48 7500.06 7499.05 7498.44 7498.23 7498.44 7499.05 7500.06 7501.48 7503.31 7505.55 7508.21 7511.31 7514.87 7518.93 7523.52 7528.74 7534.68 7541.51 7549.47 7558.97 7570.68 7585.94 7607.84 7644.98 7727.05 7644.98 7607.84 7585.94 7570.68 7558.97 7549.47 7541.51 7534.68 7528.74 7523.52 
7518.65 7514.63 7511.08 7507.99 7505.34 7503.1 7501.27 7499.86 7498.84 7498.23 7498.03 7498.23 7498.84 7499.86 7501.27 7503.1 7505.34 7507.99 7511.08 7514.63 7518.65 7523.21 7528.38 7534.24 7540.95 7548.71 7557.86 7568.9 7582.64 7600.23 7622.6 7644.98 7622.6 7600.23 7582.64 7568.9 7557.86 7548.71 7540.95 7534.24 7528.38 7523.21 
7517.85 7513.9 7510.4 7507.35 7504.71 7502.48 7500.66 7499.25 7498.23 7497.63 7497.42 7497.63 7498.23 7499.25 7500.66 7502.48 7504.71 7507.35 7510.4 7513.9 7517.85 7522.31 7527.31 7532.95 7539.32 7546.57 7554.87 7564.45 7575.48 7587.85 7600.23 7607.84 7600.23 7587.85 7575.48 7564.45 7554.87 7546.57 7539.32 7532.95 7527.31 7522.31 
7516.55 7512.7 7509.28 7506.28 7503.67 7501.46 7499.65 7498.23 7497.22 7496.61 7496.41 7496.61 7497.22 7498.23 7499.65 7501.46 7503.67 7506.28 7509.28 7512.7 7516.55 7520.85 7525.63 7530.94 7536.83 7543.37 7550.61 7558.54 7567.01 7575.48 7582.64 7585.94 7582.64 7575.48 7567.01 7558.54 7550.61 7543.37 7536.83 7530.94 7525.63 7520.85 
7514.8 7511.09 7507.76 7504.8 7502.23 7500.04 7498.23 7496.82 7495.81 7495.19 7494.99 7495.19 7495.81 7496.82 7498.23 7500.04 7502.23 7504.8 7507.76 7511.09 7514.8 7518.9 7523.41 7528.34 7533.69 7539.48 7545.65 7552.09 7558.54 7564.45 7568.9 7570.68 7568.9 7564.45 7558.54 7552.09 7545.65 7539.48 7533.69 7528.34 7523.41 7518.9 
7512.66 7509.09 7505.85 7502.96 7500.41 7498.23 7496.43 7495.01 7493.99 7493.37 7493.16 7493.37 7493.99 7495.01 7496.43 7498.23 7500.41 7502.96 7505.85 7509.09 7512.66 7516.56 7520.78 7525.31 7530.13 7535.2 7540.42 7545.65 7550.61 7554.87 7557.86 7558.97 7557.86 7554.87 7550.61 7545.65 7540.42 7535.2 7530.13 7525.31 7520.78 7516.56 
7510.19 7506.75 7503.6 7500.76 7498.23 7496.05 7494.24 7492.8 7491.76 7491.13 7490.92 7491.13 7491.76 7492.8 7494.24 7496.05 7498.23 7500.76 7503.6 7506.75 7510.19 7513.89 7517.84 7522 7526.33 7530.76 7535.2 7539.48 7543.37 7546.57 7548.71 7549.47 7548.71 7546.57 7543.37 7539.48 7535.2 7530.76 7526.33 7522 7517.84 7513.89 
7507.45 7504.13 7501.05 7498.23 7495.71 7493.51 7491.67 7490.19 7489.13 7488.48 7488.26 7488.48 7489.13 7490.19 7491.67 7493.51 7495.71 7498.23 7501.05 7504.13 7507.45 7510.98 7514.68 7518.51 7522.42 7526.33 7530.13 7533.69 7536.83 7539.32 7540.95 7541.51 7540.95 7539.32 7536.83 7533.69 7530.13 7526.33 7522.42 7518.51 7514.68 7510.98 
7504.51 7501.28 7498.23 7495.42 7492.87 7490.62 7488.72 7487.19 7486.07 7485.39 7485.16 7485.39 7486.07 7487.19 7488.72 7490.62 7492.87 7495.42 7498.23 7501.28 7504.51 7507.9 7511.4 7514.96 7518.51 7522 7525.31 7528.34 7530.94 7532.95 7534.24 7534.68 7534.24 7532.95 7530.94 7528.34 7525.31 7522 7518.51 7514.96 7511.4 7507.9 
7501.42 7498.23 7495.19 7492.34 7489.72 7487.39 7485.39 7483.77 7482.58 7481.85 7481.6 7481.85 7482.58 7483.77 7485.39 7487.39 7489.72 7492.34 7495.19 7498.23 7501.42 7504.71 7508.06 7511.4 7514.68 7517.84 7520.78 7523.41 7525.63 7527.31 7528.38 7528.74 7528.38 7527.31 7525.63 7523.41 7520.78 7517.84 7514.68 7511.4 7508.06 7504.71 
7498.23 7495.04 7491.95 7489.02 7486.28 7483.82 7481.68 7479.93 7478.63 7477.83 7477.56 7477.83 7478.63 7479.93 7481.68 7483.82 7486.28 7489.02 7491.95 7495.04 7498.23 7501.47 7504.71 7507.9 7510.98 7513.89 7516.56 7518.9 7520.85 7522.31 7523.21 7523.52 7523.21 7522.31 7520.85 7518.9 7516.56 7513.89 7510.98 7507.9 7504.71 7501.47 
