7494.99 7491.75 7488.56 7485.48 7482.58 7479.91 7477.57 7475.62 7474.17 7473.26 7472.95 7473.26 7474.17 7475.62 7477.57 7479.91 7482.58 7485.48 7488.56 7491.75 7494.99 7498.23 7501.43 7504.52 7507.46 7510.2 7512.67 7514.81 7516.56 7517.86 7518.67 7518.94 7518.67 7517.86 7516.56 7514.81 7512.67 7510.2 7507.46 7504.52 7501.43 7498.23 
7491.75 7488.41 7485.07 7481.78 7478.63 7475.69 7473.06 7470.85 7469.16 7468.1 7467.74 7468.1 7469.16 7470.85 7473.06 7475.69 7478.63 7481.78 7485.07 7488.41 7491.75 7495.04 7498.23 7501.28 7504.14 7506.76 7509.09 7511.09 7512.71 7513.9 7514.64 7514.88 7514.64 7513.9 7512.71 7511.09 7509.09 7506.76 7504.14 7501.28 7498.23 7495.04 
7488.56 7485.07 7481.51 7477.96 7474.48 7471.17 7468.14 7465.55 7463.53 7462.25 7461.81 7462.25 7463.53 7465.55 7468.14 7471.17 7474.48 7477.96 7481.51 7485.07 7488.56 7491.95 7495.19 7498.23 7501.05 7503.61 7505.85 7507.76 7509.29 7510.41 7511.09 7511.32 7511.09 7510.41 7509.29 7507.76 7505.85 7503.61 7501.05 7498.23 7495.19 7491.95 
7485.48 7481.78 7477.96 7474.05 7470.15 7466.35 7462.79 7459.66 7457.18 7455.56 7454.99 7455.56 7457.18 7459.66 7462.79 7466.35 7470.15 7474.05 7477.96 7481.78 7485.48 7489.01 7492.33 7495.42 7498.23 7500.76 7502.96 7504.81 7506.28 7507.35 7508 7508.22 7508 7507.35 7506.28 7504.81 7502.96 7500.76 7498.23 7495.42 7492.33 7489.01 
7482.58 7478.63 7474.48 7470.15 7465.72 7461.29 7457.02 7453.14 7449.95 7447.81 7447.05 7447.81 7449.95 7453.14 7457.02 7461.29 7465.72 7470.15 7474.48 7478.63 7482.58 7486.28 7489.71 7492.86 7495.71 7498.23 7500.42 7502.23 7503.67 7504.71 7505.34 7505.55 7505.34 7504.71 7503.67 7502.23 7500.42 7498.23 7495.71 7492.86 7489.71 7486.28 
7479.91 7475.69 7471.17 7466.35 7461.29 7456.08 7450.87 7445.92 7441.67 7438.69 7437.58 7438.69 7441.67 7445.92 7450.87 7456.08 7461.29 7466.35 7471.17 7475.69 7479.91 7483.81 7487.38 7490.62 7493.51 7496.05 7498.23 7500.04 7501.46 7502.49 7503.1 7503.31 7503.1 7502.49 7501.46 7500.04 7498.23 7496.05 7493.51 7490.62 7487.38 7483.81 
7477.57 7473.06 7468.14 7462.79 7457.02 7450.87 7444.44 7438.01 7432.12 7427.68 7425.92 7427.68 7432.12 7438.01 7444.44 7450.87 7457.02 7462.79 7468.14 7473.06 7477.57 7481.67 7485.38 7488.71 7491.66 7494.23 7496.43 7498.23 7499.65 7500.66 7501.28 7501.48 7501.28 7500.66 7499.65 7498.23 7496.43 7494.23 7491.66 7488.71 7485.38 7481.67 
7475.62 7470.85 7465.55 7459.66 7453.14 7445.92 7438.01 7429.57 7421.13 7414.01 7410.72 7414.01 7421.13 7429.57 7438.01 7445.92 7453.14 7459.66 7465.55 7470.85 7475.62 7479.92 7483.76 7487.18 7490.19 7492.8 7495.01 7496.82 7498.23 7499.25 7499.86 7500.06 7499.86 7499.25 7498.23 7496.82 7495.01 7492.8 7490.19 7487.18 7483.76 7479.92 
7474.17 7469.16 7463.53 7457.18 7449.95 7441.67 7432.12 7421.13 7408.82 7396.52 7388.95 7396.52 7408.82 7421.13 7432.12 7441.67 7449.95 7457.18 7463.53 7469.16 7474.17 7478.62 7482.57 7486.06 7489.12 7491.76 7493.98 7495.8 7497.22 7498.23 7498.84 7499.05 7498.84 7498.23 7497.22 7495.8 7493.98 7491.76 7489.12 7486.06 7482.57 7478.62 
7473.26 7468.1 7462.25 7455.56 7447.81 7438.69 7427.68 7414.01 7396.52 7374.29 7352.08 7374.29 7396.52 7414.01 7427.68 7438.69 7447.81 7455.56 7462.25 7468.1 7473.26 7477.81 7481.84 7485.38 7488.47 7491.13 7493.37 7495.19 7496.61 7497.63 7498.23 7498.44 7498.23 7497.63 7496.61 7495.19 7493.37 7491.13 7488.47 7485.38 7481.84 7477.81 
7472.95 7467.74 7461.81 7454.99 7447.05 7437.58 7425.92 7410.72 7388.95 7352.08 7270.9 7352.08 7388.95 7410.72 7425.92 7437.58 7447.05 7454.99 7461.81 7467.74 7472.95 7477.54 7481.59 7485.15 7488.25 7490.92 7493.16 7494.99 7496.41 7497.42 7498.03 7498.23 7498.03 7497.42 7496.41 7494.99 7493.16 7490.92 7488.25 7485.15 7481.59 7477.54 
7473.26 7468.1 7462.25 7455.56 7447.81 7438.69 7427.68 7414.01 7396.52 7374.29 7352.08 7374.29 7396.52 7414.01 7427.68 7438.69 7447.81 7455.56 7462.25 7468.1 7473.26 7477.81 7481.84 7485.38 7488.47 7491.13 7493.37 7495.19 7496.61 7497.63 7498.23 7498.44 7498.23 7497.63 7496.61 7495.19 7493.37 7491.13 7488.47 7485.38 7481.84 7477.81 
7474.17 7469.16 7463.53 7457.18 7449.95 7441.67 7432.12 7421.13 7408.82 7396.52 7388.95 7396.52 7408.82 7421.13 7432.12 7441.67 7449.95 7457.18 7463.53 7469.16 7474.17 7478.62 7482.57 7486.06 7489.12 7491.76 7493.98 7495.8 7497.22 7498.23 7498.84 7499.05 7498.84 7498.23 7497.22 7495.8 7493.98 7491.76 7489.12 7486.06 7482.57 7478.62 
7475.62 7470.85 7465.55 7459.66 7453.14 7445.92 7438.01 7429.57 7421.13 7414.01 7410.72 7414.01 7421.13 7429.57 7438.01 7445.92 7453.14 7459.66 7465.55 7470.85 7475.62 7479.92 7483.76 7487.18 7490.19 7492.8 7495.01 7496.82 7498.23 7499.25 7499.86 7500.06 7499.86 7499.25 7498.23 7496.82 7495.01 7492.8 7490.19 7487.18 7483.76 7479.92 
7477.57 7473.06 7468.14 7462.79 7457.02 7450.87 7444.44 7438.01 7432.12 7427.68 7425.92 7427.68 7432.12 7438.01 7444.44 7450.87 7457.02 7462.79 7468.14 7473.06 7477.57 7481.67 7485.38 7488.71 7491.66 7494.23 7496.43 7498.23 7499.65 7500.66 7501.28 7501.48 7501.28 7500.66 7499.65 7498.23 7496.43 7494.23 7491.66 7488.71 7485.38 7481.67 
7479.91 7475.69 7471.17 7466.35 7461.29 7456.08 7450.87 7445.92 7441.67 7438.69 7437.58 7438.69 7441.67 7445.92 7450.87 7456.08 7461.29 7466.35 7471.17 7475.69 7479.91 7483.81 7487.38 7490.62 7493.51 7496.05 7498.23 7500.04 7501.46 7502.49 7503.1 7503.31 7503.1 7502.49 7501.46 7500.04 7498.23 7496.05 7493.51 7490.62 7487.38 7483.81 
7482.58 7478.63 7474.48 7470.15 7465.72 7461.29 7457.02 7453.14 7449.95 7447.81 7447.05 7447.81 7449.95 7453.14 7457.02 7461.29 7465.72 7470.15 7474.48 7478.63 7482.58 7486.28 7489.71 7492.86 7495.71 7498.23 7500.42 7502.23 7503.67 7504.71 7505.34 7505.55 7505.34 7504.71 7503.67 7502.23 7500.42 7498.23 7495.71 7492.86 7489.71 7486.28 
7485.48 7481.78 7477.96 7474.05 7470.15 7466.35 7462.79 7459.66 7457.18 7455.56 7454.99 7455.56 7457.18 7459.66 7462.79 7466.35 7470.15 7474.05 7477.96 7481.78 7485.48 7489.01 7492.33 7495.42 7498.23 7500.76 7502.96 7504.81 7506.28 7507.35 7508 7508.22 7508 7507.35 7506.28 7504.81 7502.96 7500.76 7498.23 7495.42 7492.33 7489.01 
7488.56 7485.07 7481.51 7477.96 7474.48 7471.17 7468.14 7465.55 7463.53 7462.25 7461.81 7462.25 7463.53 7465.55 7468.14 7471.17 7474.48 7477.96 7481.51 7485.07 7488.56 7491.95 7495.19 7498.23 7501.05 7503.61 7505.85 7507.76 7509.29 7510.41 7511.09 7511.32 7511.09 7510.41 7509.29 7507.76 7505.85 7503.61 7501.05 7498.23 7495.19 7491.95 
7491.75 7488.41 7485.07 7481.78 7478.63 7475.69 7473.06 7470.85 7469.16 7468.1 7467.74 7468.1 7469.16 7470.85 7473.06 7475.69 7478.63 7481.78 7485.07 7488.41 7491.75 7495.04 7498.23 7501.28 7504.14 7506.76 7509.09 7511.09 7512.71 7513.9 7514.64 7514.88 7514.64 7513.9 7512.71 7511.09 7509.09 7506.76 7504.14 7501.28 7498.23 7495.04 
7494.99 7491.75 7488.56 7485.48 7482.58 7479.91 7477.57 7475.62 7474.17 7473.26 7472.95 7473.26 7474.17 7475.62 7477.57 7479.91 7482.58 7485.48 7488.56 7491.75 7494.99 7498.23 7501.43 7504.52 7507.46 7510.2 7512.67 7514.81 7516.56 7517.86 7518.67 7518.94 7518.67 7517.86 7516.56 7514.81 7512.67 7510.2 7507.46 7504.52 7501.43 7498.23 
7498.23 7495.04 7491.95 7489.01 7486.28 7483.81 7481.67 7479.92 7478.62 7477.81 7477.54 7477.81 7478.62 7479.92 7481.67 7483.81 7486.28 7489.01 7491.95 7495.04 7498.23 7501.48 7504.72 7507.91 7510.99 7513.9 7516.57 7518.91 7520.86 7522.32 7523.23 7523.54 7523.23 7522.32 7520.86 7518.91 7516.57 7513.9 7510.99 7507.91 7504.72 7501.48 
7501.43 7498.23 7495.19 7492.33 7489.71 7487.38 7485.38 7483.76 7482.57 7481.84 7481.59 7481.84 7482.57 7483.76 7485.38 7487.38 7489.71 7492.33 7495.19 7498.23 7501.43 7504.72 7508.06 7511.41 7514.69 7517.85 7520.79 7523.42 7525.64 7527.33 7528.39 7528.75 7528.39 7527.33 7525.64 7523.42 7520.79 7517.85 7514.69 7511.41 7508.06 7504.72 
7504.52 7501.28 7498.23 7495.42 7492.86 7490.62 7488.71 7487.18 7486.06 7485.38 7485.15 7485.38 7486.06 7487.18 7488.71 7490.62 7492.86 7495.42 7498.23 7501.28 7504.52 7507.91 7511.41 7514.96 7518.52 7522.01 7525.32 7528.35 7530.95 7532.97 7534.26 7534.7 7534.26 7532.97 7530.95 7528.35 7525.32 7522.01 7518.52 7514.96 7511.41 7507.91 
7507.46 7504.14 7501.05 7498.23 7495.71 7493.51 7491.66 7490.19 7489.12 7488.47 7488.25 7488.47 7489.12 7490.19 7491.66 7493.51 7495.71 7498.23 7501.05 7504.14 7507.46 7510.99 7514.69 7518.52 7522.43 7526.34 7530.15 7533.71 7536.85 7539.34 7540.96 7541.53 7540.96 7539.34 7536.85 7533.71 7530.15 7526.34 7522.43 7518.52 7514.69 7510.99 
7510.2 7506.76 7503.61 7500.76 7498.23 7496.05 7494.23 7492.8 7491.76 7491.13 7490.92 7491.13 7491.76 7492.8 7494.23 7496.05 7498.23 7500.76 7503.61 7506.76 7510.2 7513.9 7517.85 7522.01 7526.34 7530.78 7535.21 7539.49 7543.39 7546.59 7548.73 7549.5 7548.73 7546.59 7543.39 7539.49 7535.21 7530.78 7526.34 7522.01 7517.85 7513.9 
7512.67 7509.09 7505.85 7502.96 7500.42 7498.23 7496.43 7495.01 7493.98 7493.37 7493.16 7493.37 7493.98 7495.01 7496.43 7498.23 7500.42 7502.96 7505.85 7509.09 7512.67 7516.57 7520.79 7525.32 7530.15 7535.21 7540.44 7545.67 7550.63 7554.89 7557.88 7558.99 7557.88 7554.89 7550.63 7545.67 7540.44 7535.21 7530.15 7525.32 7520.79 7516.57 
7514.81 7511.09 7507.76 7504.81 7502.23 7500.04 7498.23 7496.82 7495.8 7495.19 7494.99 7495.19 7495.8 7496.82 7498.23 7500.04 7502.23 7504.81 7507.76 7511.09 7514.81 7518.91 7523.42 7528.35 7533.71 7539.49 7545.67 7552.11 7558.56 7564.47 7568.93 7570.7 7568.93 7564.47 7558.56 7552.11 7545.67 7539.49 7533.71 7528.35 7523.42 7518.91 
7516.56 7512.71 7509.29 7506.28 7503.67 7501.46 7499.65 7498.23 7497.22 7496.61 7496.41 7496.61 7497.22 7498.23 7499.65 7501.46 7503.67 7506.28 7509.29 7512.71 7516.56 7520.86 7525.64 7530.95 7536.85 7543.39 7550.63 7558.56 7567.03 7575.51 7582.66 7585.97 7582.66 7575.51 7567.03 7558.56 7550.63 7543.39 7536.85 7530.95 7525.64 7520.86 
7517.86 7513.9 7510.41 7507.35 7504.71 7502.49 7500.66 7499.25 7498.23 7497.63 7497.42 7497.63 7498.23 7499.25 7500.66 7502.49 7504.71 7507.35 7510.41 7513.9 7517.86 7522.32 7527.33 7532.97 7539.34 7546.59 7554.89 7564.47 7575.51 7587.88 7600.25 7607.86 7600.25 7587.88 7575.51 7564.47 7554.89 7546.59 7539.34 7532.97 7527.33 7522.32 
7518.67 7514.64 7511.09 7508 7505.34 7503.1 7501.28 7499.86 7498.84 7498.23 7498.03 7498.23 7498.84 7499.86 7501.28 7503.1 7505.34 7508 7511.09 7514.64 7518.67 7523.23 7528.39 7534.26 7540.96 7548.73 7557.88 7568.93 7582.66 7600.25 7622.62 7645.01 7622.62 7600.25 7582.66 7568.93 7557.88 7548.73 7540.96 7534.26 7528.39 7523.23 
7518.94 7514.88 7511.32 7508.22 7505.55 7503.31 7501.48 7500.06 7499.05 7498.44 7498.23 7498.44 7499.05 7500.06 7501.48 7503.31 7505.55 7508.22 7511.32 7514.88 7518.94 7523.54 7528.75 7534.7 7541.53 7549.5 7558.99 7570.7 7585.97 7607.86 7645.01 7727.08 7645.01 7607.86 7585.97 7570.7 7558.99 7549.5 7541.53 7534.7 7528.75 7523.54 
7518.67 7514.64 7511.09 7508 7505.34 7503.1 7501.28 7499.86 7498.84 7498.23 7498.03 7498.23 7498.84 7499.86 7501.28 7503.1 7505.34 7508 7511.09 7514.64 7518.67 7523.23 7528.39 7534.26 7540.96 7548.73 7557.88 7568.93 7582.66 7600.25 7622.62 7645.01 7622.62 7600.25 7582.66 7568.93 7557.88 7548.73 7540.96 7534.26 7528.39 7523.23 
7517.86 7513.9 7510.41 7507.35 7504.71 7502.49 7500.66 7499.25 7498.23 7497.63 7497.42 7497.63 7498.23 7499.25 7500.66 7502.49 7504.71 7507.35 7510.41 7513.9 7517.86 7522.32 7527.33 7532.97 7539.34 7546.59 7554.89 7564.47 7575.51 7587.88 7600.25 7607.86 7600.25 7587.88 7575.51 7564.47 7554.89 7546.59 7539.34 7532.97 7527.33 7522.32 
7516.56 7512.71 7509.29 7506.28 7503.67 7501.46 7499.65 7498.23 7497.22 7496.61 7496.41 7496.61 7497.22 7498.23 7499.65 7501.46 7503.67 7506.28 7509.29 7512.71 7516.56 7520.86 7525.64 7530.95 7536.85 7543.39 7550.63 7558.56 7567.03 7575.51 7582.66 7585.97 7582.66 7575.51 7567.03 7558.56 7550.63 7543.39 7536.85 7530.95 7525.64 7520.86 
7514.81 7511.09 7507.76 7504.81 7502.23 7500.04 7498.23 7496.82 7495.8 7495.19 7494.99 7495.19 7495.8 7496.82 7498.23 7500.04 7502.23 7504.81 7507.76 7511.09 7514.81 7518.91 7523.42 7528.35 7533.71 7539.49 7545.67 7552.11 7558.56 7564.47 7568.93 7570.7 7568.93 7564.47 7558.56 7552.11 7545.67 7539.49 7533.71 7528.35 7523.42 7518.91 
7512.67 7509.09 7505.85 7502.96 7500.42 7498.23 7496.43 7495.01 7493.98 7493.37 7493.16 7493.37 7493.98 7495.01 7496.43 7498.23 7500.42 7502.96 7505.85 7509.09 7512.67 7516.57 7520.79 7525.32 7530.15 7535.21 7540.44 7545.67 7550.63 7554.89 7557.88 7558.99 7557.88 7554.89 7550.63 7545.67 7540.44 7535.21 7530.15 7525.32 7520.79 7516.57 
7510.2 7506.76 7503.61 7500.76 7498.23 7496.05 7494.23 7492.8 7491.76 7491.13 7490.92 7491.13 7491.76 7492.8 7494.23 7496.05 7498.23 7500.76 7503.61 7506.76 7510.2 7513.9 7517.85 7522.01 7526.34 7530.78 7535.21 7539.49 7543.39 7546.59 7548.73 7549.5 7548.73 7546.59 7543.39 7539.49 7535.21 7530.78 7526.34 7522.01 7517.85 7513.9 
7507.46 7504.14 7501.05 7498.23 7495.71 7493.51 7491.66 7490.19 7489.12 7488.47 7488.25 7488.47 7489.12 7490.19 7491.66 7493.51 7495.71 7498.23 7501.05 7504.14 7507.46 7510.99 7514.69 7518.52 7522.43 7526.34 7530.15 7533.71 7536.85 7539.34 7540.96 7541.53 7540.96 7539.34 7536.85 7533.71 7530.15 7526.34 7522.43 7518.52 7514.69 7510.99 
7504.52 7501.28 7498.23 7495.42 7492.86 7490.62 7488.71 7487.18 7486.06 7485.38 7485.15 7485.38 7486.06 7487.18 7488.71 7490.62 7492.86 7495.42 7498.23 7501.28 7504.52 7507.91 7511.41 7514.96 7518.52 7522.01 7525.32 7528.35 7530.95 7532.97 7534.26 7534.7 7534.26 7532.97 7530.95 7528.35 7525.32 7522.01 7518.52 7514.96 7511.41 7507.91 
7501.43 7498.23 7495.19 7492.33 7489.71 7487.38 7485.38 7483.76 7482.57 7481.84 7481.59 7481.84 7482.57 7483.76 7485.38 7487.38 7489.71 7492.33 7495.19 7498.23 7501.43 7504.72 7508.06 7511.41 7514.69 7517.85 7520.79 7523.42 7525.64 7527.33 7528.39 7528.75 7528.39 7527.33 7525.64 7523.42 7520.79 7517.85 7514.69 7511.41 7508.06 7504.72 
7498.23 7495.04 7491.95 7489.01 7486.28 7483.81 7481.67 7479.92 7478.62 7477.81 7477.54 7477.81 7478.62 7479.92 7481.67 7483.81 7486.28 7489.01 7491.95 7495.04 7498.23 7501.48 7504.72 7507.91 7510.99 7513.9 7516.57 7518.91 7520.86 7522.32 7523.23 7523.54 7523.23 7522.32 7520.86 7518.91 7516.57 7513.9 7510.99 7507.91 7504.72 7501.48 
