7495.06 7491.89 7488.76 7485.74 7482.89 7480.28 7477.97 7476.07 7474.63 7473.74 7473.44 7473.74 7474.63 7476.07 7477.97 7480.28 7482.89 7485.74 7488.76 7491.89 7495.06 7498.23 7501.36 7504.39 7507.27 7509.95 7512.37 7514.47 7516.19 7517.46 7518.25 7518.52 7518.25 7517.46 7516.19 7514.47 7512.37 7509.95 7507.27 7504.39 7501.36 7498.23 
7491.89 7488.61 7485.33 7482.11 7479.02 7476.13 7473.54 7471.36 7469.7 7468.65 7468.29 7468.65 7469.7 7471.36 7473.54 7476.13 7479.02 7482.11 7485.33 7488.61 7491.89 7495.11 7498.23 7501.22 7504.01 7506.58 7508.86 7510.82 7512.41 7513.57 7514.29 7514.53 7514.29 7513.57 7512.41 7510.82 7508.86 7506.58 7504.01 7501.22 7498.23 7495.11 
7488.76 7485.33 7481.84 7478.35 7474.92 7471.66 7468.68 7466.12 7464.13 7462.86 7462.43 7462.86 7464.13 7466.12 7468.68 7471.66 7474.92 7478.35 7481.84 7485.33 7488.76 7492.08 7495.25 7498.23 7500.99 7503.49 7505.69 7507.55 7509.05 7510.14 7510.81 7511.03 7510.81 7510.14 7509.05 7507.55 7505.69 7503.49 7500.99 7498.23 7495.25 7492.08 
7485.74 7482.11 7478.35 7474.51 7470.66 7466.91 7463.4 7460.3 7457.83 7456.23 7455.67 7456.23 7457.83 7460.3 7463.4 7466.91 7470.66 7474.51 7478.35 7482.11 7485.74 7489.2 7492.46 7495.48 7498.24 7500.7 7502.85 7504.66 7506.1 7507.15 7507.78 7507.99 7507.78 7507.15 7506.1 7504.66 7502.85 7500.7 7498.24 7495.48 7492.46 7489.2 
7482.89 7479.02 7474.92 7470.66 7466.29 7461.91 7457.68 7453.83 7450.66 7448.54 7447.78 7448.54 7450.66 7453.83 7457.68 7461.91 7466.29 7470.66 7474.92 7479.02 7482.89 7486.53 7489.89 7492.98 7495.77 7498.24 7500.37 7502.14 7503.55 7504.56 7505.18 7505.38 7505.18 7504.56 7503.55 7502.14 7500.37 7498.24 7495.77 7492.98 7489.89 7486.53 
7480.28 7476.13 7471.66 7466.91 7461.91 7456.74 7451.57 7446.66 7442.43 7439.46 7438.37 7439.46 7442.43 7446.66 7451.57 7456.74 7461.91 7466.91 7471.66 7476.13 7480.28 7484.11 7487.61 7490.78 7493.62 7496.1 7498.24 7500 7501.39 7502.39 7502.99 7503.19 7502.99 7502.39 7501.39 7500 7498.24 7496.1 7493.62 7490.78 7487.61 7484.11 
7477.97 7473.54 7468.68 7463.4 7457.68 7451.57 7445.19 7438.79 7432.93 7428.5 7426.74 7428.5 7432.93 7438.79 7445.19 7451.57 7457.68 7463.4 7468.68 7473.54 7477.97 7482.01 7485.65 7488.92 7491.81 7494.33 7496.47 7498.24 7499.62 7500.61 7501.2 7501.4 7501.2 7500.61 7499.62 7498.24 7496.47 7494.33 7491.81 7488.92 7485.65 7482.01 
7476.07 7471.36 7466.12 7460.3 7453.83 7446.66 7438.79 7430.39 7421.97 7414.87 7411.58 7414.87 7421.97 7430.39 7438.79 7446.66 7453.83 7460.3 7466.12 7471.36 7476.07 7480.29 7484.07 7487.42 7490.37 7492.92 7495.08 7496.85 7498.24 7499.22 7499.82 7500.02 7499.82 7499.22 7498.24 7496.85 7495.08 7492.92 7490.37 7487.42 7484.07 7480.29 
7474.63 7469.7 7464.13 7457.83 7450.66 7442.43 7432.93 7421.97 7409.69 7397.4 7389.84 7397.4 7409.69 7421.97 7432.93 7442.43 7450.66 7457.83 7464.13 7469.7 7474.63 7479.02 7482.9 7486.33 7489.33 7491.91 7494.09 7495.86 7497.25 7498.24 7498.83 7499.03 7498.83 7498.24 7497.25 7495.86 7494.09 7491.91 7489.33 7486.33 7482.9 7479.02 
7473.74 7468.65 7462.86 7456.23 7448.54 7439.46 7428.5 7414.87 7397.4 7375.19 7352.98 7375.19 7397.4 7414.87 7428.5 7439.46 7448.54 7456.23 7462.86 7468.65 7473.74 7478.23 7482.19 7485.66 7488.69 7491.29 7493.48 7495.27 7496.65 7497.64 7498.24 7498.43 7498.24 7497.64 7496.65 7495.27 7493.48 7491.29 7488.69 7485.66 7482.19 7478.23 
7473.44 7468.29 7462.43 7455.67 7447.78 7438.37 7426.74 7411.58 7389.84 7352.98 7271.8 7352.98 7389.84 7411.58 7426.74 7438.37 7447.78 7455.67 7462.43 7468.29 7473.44 7477.96 7481.95 7485.44 7488.48 7491.09 7493.28 7495.07 7496.45 7497.44 7498.04 7498.24 7498.04 7497.44 7496.45 7495.07 7493.28 7491.09 7488.48 7485.44 7481.95 7477.96 
7473.74 7468.65 7462.86 7456.23 7448.54 7439.46 7428.5 7414.87 7397.4 7375.19 7352.98 7375.19 7397.4 7414.87 7428.5 7439.46 7448.54 7456.23 7462.86 7468.65 7473.74 7478.23 7482.19 7485.66 7488.69 7491.29 7493.48 7495.27 7496.65 7497.64 7498.24 7498.43 7498.24 7497.64 7496.65 7495.27 7493.48 7491.29 7488.69 7485.66 7482.19 7478.23 
7474.63 7469.7 7464.13 7457.83 7450.66 7442.43 7432.93 7421.97 7409.69 7397.4 7389.84 7397.4 7409.69 7421.97 7432.93 7442.43 7450.66 7457.83 7464.13 7469.7 7474.63 7479.02 7482.9 7486.33 7489.33 7491.91 7494.09 7495.86 7497.25 7498.24 7498.83 7499.03 7498.83 7498.24 7497.25 7495.86 7494.09 7491.91 7489.33 7486.33 7482.9 7479.02 
7476.07 7471.36 7466.12 7460.3 7453.83 7446.66 7438.79 7430.39 7421.97 7414.87 7411.58 7414.87 7421.97 7430.39 7438.79 7446.66 7453.83 7460.3 7466.12 7471.36 7476.07 7480.29 7484.07 7487.42 7490.37 7492.92 7495.08 7496.85 7498.24 7499.22 7499.82 7500.02 7499.82 7499.22 7498.24 7496.85 7495.08 7492.92 7490.37 7487.42 7484.07 7480.29 
7477.97 7473.54 7468.68 7463.4 7457.68 7451.57 7445.19 7438.79 7432.93 7428.5 7426.74 7428.5 7432.93 7438.79 7445.19 7451.57 7457.68 7463.4 7468.68 7473.54 7477.97 7482.01 7485.65 7488.92 7491.81 7494.33 7496.47 7498.24 7499.62 7500.61 7501.2 7501.4 7501.2 7500.61 7499.62 7498.24 7496.47 7494.33 7491.81 7488.92 7485.65 7482.01 
7480.28 7476.13 7471.66 7466.91 7461.91 7456.74 7451.57 7446.66 7442.43 7439.46 7438.37 7439.46 7442.43 7446.66 7451.57 7456.74 7461.91 7466.91 7471.66 7476.13 7480.28 7484.11 7487.61 7490.78 7493.62 7496.1 7498.24 7500 7501.39 7502.39 7502.99 7503.19 7502.99 7502.39 7501.39 7500 7498.24 7496.1 7493.62 7490.78 7487.61 7484.11 
7482.89 7479.02 7474.92 7470.66 7466.29 7461.91 7457.68 7453.83 7450.66 7448.54 7447.78 7448.54 7450.66 7453.83 7457.68 7461.91 7466.29 7470.66 7474.92 7479.02 7482.89 7486.53 7489.89 7492.98 7495.77 7498.24 7500.37 7502.14 7503.55 7504.56 7505.18 7505.38 7505.18 7504.56 7503.55 7502.14 7500.37 7498.24 7495.77 7492.98 7489.89 7486.53 
7485.74 7482.11 7478.35 7474.51 7470.66 7466.91 7463.4 7460.3 7457.83 7456.23 7455.67 7456.23 7457.83 7460.3 7463.4 7466.91 7470.66 7474.51 7478.35 7482.11 7485.74 7489.2 7492.46 7495.48 7498.24 7500.7 7502.85 7504.66 7506.1 7507.15 7507.78 7507.99 7507.78 7507.15 7506.1 7504.66 7502.85 7500.7 7498.24 7495.48 7492.46 7489.2 
7488.76 7485.33 7481.84 7478.35 7474.92 7471.66 7468.68 7466.12 7464.13 7462.86 7462.43 7462.86 7464.13 7466.12 7468.68 7471.66 7474.92 7478.35 7481.84 7485.33 7488.76 7492.08 7495.25 7498.23 7500.99 7503.49 7505.69 7507.55 7509.05 7510.14 7510.81 7511.03 7510.81 7510.14 7509.05 7507.55 7505.69 7503.49 7500.99 7498.23 7495.25 7492.08 
7491.89 7488.61 7485.33 7482.11 7479.02 7476.13 7473.54 7471.36 7469.7 7468.65 7468.29 7468.65 7469.7 7471.36 7473.54 7476.13 7479.02 7482.11 7485.33 7488.61 7491.89 7495.11 7498.23 7501.22 7504.01 7506.58 7508.86 7510.82 7512.41 7513.57 7514.29 7514.53 7514.29 7513.57 7512.41 7510.82 7508.86 7506.58 7504.01 7501.22 7498.23 7495.11 
7495.06 7491.89 7488.76 7485.74 7482.89 7480.28 7477.97 7476.07 7474.63 7473.74 7473.44 7473.74 7474.63 7476.07 7477.97 7480.28 7482.89 7485.74 7488.76 7491.89 7495.06 7498.23 7501.36 7504.39 7507.27 7509.95 7512.37 7514.47 7516.19 7517.46 7518.25 7518.52 7518.25 7517.46 7516.19 7514.47 7512.37 7509.95 7507.27 7504.39 7501.36 7498.23 
7498.23 7495.11 7492.08 7489.2 7486.53 7484.11 7482.01 7480.29 7479.02 7478.23 7477.96 7478.23 7479.02 7480.29 7482.01 7484.11 7486.53 7489.2 7492.08 7495.11 7498.23 7501.41 7504.58 7507.71 7510.73 7513.58 7516.2 7518.51 7520.42 7521.85 7522.75 7523.05 7522.75 7521.85 7520.42 7518.51 7516.2 7513.58 7510.73 7507.71 7504.58 7501.41 
7501.36 7498.23 7495.25 7492.46 7489.89 7487.61 7485.65 7484.07 7482.9 7482.19 7481.95 7482.19 7482.9 7484.07 7485.65 7487.61 7489.89 7492.46 7495.25 7498.23 7501.36 7504.58 7507.86 7511.14 7514.36 7517.46 7520.36 7522.95 7525.13 7526.8 7527.84 7528.2 7527.84 7526.8 7525.13 7522.95 7520.36 7517.46 7514.36 7511.14 7507.86 7504.58 
7504.39 7501.22 7498.23 7495.48 7492.98 7490.78 7488.92 7487.42 7486.33 7485.66 7485.44 7485.66 7486.33 7487.42 7488.92 7490.78 7492.98 7495.48 7498.23 7501.22 7504.39 7507.71 7511.14 7514.63 7518.13 7521.56 7524.83 7527.81 7530.38 7532.37 7533.64 7534.08 7533.64 7532.37 7530.38 7527.81 7524.83 7521.56 7518.13 7514.63 7511.14 7507.71 
7507.27 7504.01 7500.99 7498.24 7495.77 7493.62 7491.81 7490.37 7489.33 7488.69 7488.48 7488.69 7489.33 7490.37 7491.81 7493.62 7495.77 7498.24 7500.99 7504.01 7507.27 7510.73 7514.36 7518.13 7521.98 7525.83 7529.59 7533.11 7536.21 7538.68 7540.29 7540.85 7540.29 7538.68 7536.21 7533.11 7529.59 7525.83 7521.98 7518.13 7514.36 7510.73 
7509.95 7506.58 7503.49 7500.7 7498.24 7496.1 7494.33 7492.92 7491.91 7491.29 7491.09 7491.29 7491.91 7492.92 7494.33 7496.1 7498.24 7500.7 7503.49 7506.58 7509.95 7513.58 7517.46 7521.56 7525.83 7530.21 7534.6 7538.84 7542.7 7545.87 7548 7548.76 7548 7545.87 7542.7 7538.84 7534.6 7530.21 7525.83 7521.56 7517.46 7513.58 
7512.37 7508.86 7505.69 7502.85 7500.37 7498.24 7496.47 7495.08 7494.09 7493.48 7493.28 7493.48 7494.09 7495.08 7496.47 7498.24 7500.37 7502.85 7505.69 7508.86 7512.37 7516.2 7520.36 7524.83 7529.59 7534.6 7539.78 7544.96 7549.88 7554.12 7557.1 7558.2 7557.1 7554.12 7549.88 7544.96 7539.78 7534.6 7529.59 7524.83 7520.36 7516.2 
7514.47 7510.82 7507.55 7504.66 7502.14 7500 7498.24 7496.85 7495.86 7495.27 7495.07 7495.27 7495.86 7496.85 7498.24 7500 7502.14 7504.66 7507.55 7510.82 7514.47 7518.51 7522.95 7527.81 7533.11 7538.84 7544.96 7551.36 7557.78 7563.66 7568.1 7569.87 7568.1 7563.66 7557.78 7551.36 7544.96 7538.84 7533.11 7527.81 7522.95 7518.51 
7516.19 7512.41 7509.05 7506.1 7503.55 7501.39 7499.62 7498.24 7497.25 7496.65 7496.45 7496.65 7497.25 7498.24 7499.62 7501.39 7503.55 7506.1 7509.05 7512.41 7516.19 7520.42 7525.13 7530.38 7536.21 7542.7 7549.88 7557.78 7566.21 7574.66 7581.8 7585.1 7581.8 7574.66 7566.21 7557.78 7549.88 7542.7 7536.21 7530.38 7525.13 7520.42 
7517.46 7513.57 7510.14 7507.15 7504.56 7502.39 7500.61 7499.22 7498.24 7497.64 7497.44 7497.64 7498.24 7499.22 7500.61 7502.39 7504.56 7507.15 7510.14 7513.57 7517.46 7521.85 7526.8 7532.37 7538.68 7545.87 7554.12 7563.66 7574.66 7587.01 7599.37 7606.97 7599.37 7587.01 7574.66 7563.66 7554.12 7545.87 7538.68 7532.37 7526.8 7521.85 
7518.25 7514.29 7510.81 7507.78 7505.18 7502.99 7501.2 7499.82 7498.83 7498.24 7498.04 7498.24 7498.83 7499.82 7501.2 7502.99 7505.18 7507.78 7510.81 7514.29 7518.25 7522.75 7527.84 7533.64 7540.29 7548 7557.1 7568.1 7581.8 7599.37 7621.72 7644.1 7621.72 7599.37 7581.8 7568.1 7557.1 7548 7540.29 7533.64 7527.84 7522.75 
7518.52 7514.53 7511.03 7507.99 7505.38 7503.19 7501.4 7500.02 7499.03 7498.43 7498.24 7498.43 7499.03 7500.02 7501.4 7503.19 7505.38 7507.99 7511.03 7514.53 7518.52 7523.05 7528.2 7534.08 7540.85 7548.76 7558.2 7569.87 7585.1 7606.97 7644.1 7726.17 7644.1 7606.97 7585.1 7569.87 7558.2 7548.76 7540.85 7534.08 7528.2 7523.05 
7518.25 7514.29 7510.81 7507.78 7505.18 7502.99 7501.2 7499.82 7498.83 7498.24 7498.04 7498.24 7498.83 7499.82 7501.2 7502.99 7505.18 7507.78 7510.81 7514.29 7518.25 7522.75 7527.84 7533.64 7540.29 7548 7557.1 7568.1 7581.8 7599.37 7621.72 7644.1 7621.72 7599.37 7581.8 7568.1 7557.1 7548 7540.29 7533.64 7527.84 7522.75 
7517.46 7513.57 7510.14 7507.15 7504.56 7502.39 7500.61 7499.22 7498.24 7497.64 7497.44 7497.64 7498.24 7499.22 7500.61 7502.39 7504.56 7507.15 7510.14 7513.57 7517.46 7521.85 7526.8 7532.37 7538.68 7545.87 7554.12 7563.66 7574.66 7587.01 7599.37 7606.97 7599.37 7587.01 7574.66 7563.66 7554.12 7545.87 7538.68 7532.37 7526.8 7521.85 
7516.19 7512.41 7509.05 7506.1 7503.55 7501.39 7499.62 7498.24 7497.25 7496.65 7496.45 7496.65 7497.25 7498.24 7499.62 7501.39 7503.55 7506.1 7509.05 7512.41 7516.19 7520.42 7525.13 7530.38 7536.21 7542.7 7549.88 7557.78 7566.21 7574.66 7581.8 7585.1 7581.8 7574.66 7566.21 7557.78 7549.88 7542.7 7536.21 7530.38 7525.13 7520.42 
7514.47 7510.82 7507.55 7504.66 7502.14 7500 7498.24 7496.85 7495.86 7495.27 7495.07 7495.27 7495.86 7496.85 7498.24 7500 7502.14 7504.66 7507.55 7510.82 7514.47 7518.51 7522.95 7527.81 7533.11 7538.84 7544.96 7551.36 7557.78 7563.66 7568.1 7569.87 7568.1 7563.66 7557.78 7551.36 7544.96 7538.84 7533.11 7527.81 7522.95 7518.51 
7512.37 7508.86 7505.69 7502.85 7500.37 7498.24 7496.47 7495.08 7494.09 7493.48 7493.28 7493.48 7494.09 7495.08 7496.47 7498.24 7500.37 7502.85 7505.69 7508.86 7512.37 7516.2 7520.36 7524.83 7529.59 7534.6 7539.78 7544.96 7549.88 7554.12 7557.1 7558.2 7557.1 7554.12 7549.88 7544.96 7539.78 7534.6 7529.59 7524.83 7520.36 7516.2 
7509.95 7506.58 7503.49 7500.7 7498.24 7496.1 7494.33 7492.92 7491.91 7491.29 7491.09 7491.29 7491.91 7492.92 7494.33 7496.1 7498.24 7500.7 7503.49 7506.58 7509.95 7513.58 7517.46 7521.56 7525.83 7530.21 7534.6 7538.84 7542.7 7545.87 7548 7548.76 7548 7545.87 7542.7 7538.84 7534.6 7530.21 7525.83 7521.56 7517.46 7513.58 
7507.27 7504.01 7500.99 7498.24 7495.77 7493.62 7491.81 7490.37 7489.33 7488.69 7488.48 7488.69 7489.33 7490.37 7491.81 7493.62 7495.77 7498.24 7500.99 7504.01 7507.27 7510.73 7514.36 7518.13 7521.98 7525.83 7529.59 7533.11 7536.21 7538.68 7540.29 7540.85 7540.29 7538.68 7536.21 7533.11 7529.59 7525.83 7521.98 7518.13 7514.36 7510.73 
7504.39 7501.22 7498.23 7495.48 7492.98 7490.78 7488.92 7487.42 7486.33 7485.66 7485.44 7485.66 7486.33 7487.42 7488.92 7490.78 7492.98 7495.48 7498.23 7501.22 7504.39 7507.71 7511.14 7514.63 7518.13 7521.56 7524.83 7527.81 7530.38 7532.37 7533.64 7534.08 7533.64 7532.37 7530.38 7527.81 7524.83 7521.56 7518.13 7514.63 7511.14 7507.71 
7501.36 7498.23 7495.25 7492.46 7489.89 7487.61 7485.65 7484.07 7482.9 7482.19 7481.95 7482.19 7482.9 7484.07 7485.65 7487.61 7489.89 7492.46 7495.25 7498.23 7501.36 7504.58 7507.86 7511.14 7514.36 7517.46 7520.36 7522.95 7525.13 7526.8 7527.84 7528.2 7527.84 7526.8 7525.13 7522.95 7520.36 7517.46 7514.36 7511.14 7507.86 7504.58 
7498.23 7495.11 7492.08 7489.2 7486.53 7484.11 7482.01 7480.29 7479.02 7478.23 7477.96 7478.23 7479.02 7480.29 7482.01 7484.11 7486.53 7489.2 7492.08 7495.11 7498.23 7501.41 7504.58 7507.71 7510.73 7513.58 7516.2 7518.51 7520.42 7521.85 7522.75 7523.05 7522.75 7521.85 7520.42 7518.51 7516.2 7513.58 7510.73 7507.71 7504.58 7501.41 
