7495 7491.78 7488.6 7485.53 7482.63 7479.97 7477.64 7475.7 7474.25 7473.34 7473.03 7473.34 7474.25 7475.7 7477.64 7479.97 7482.63 7485.53 7488.6 7491.78 7495 7498.23 7501.41 7504.5 7507.43 7510.15 7512.62 7514.75 7516.5 7517.79 7518.6 7518.87 7518.6 7517.79 7516.5 7514.75 7512.62 7510.15 7507.43 7504.5 7501.41 7498.23 
7491.78 7488.44 7485.11 7481.84 7478.7 7475.77 7473.14 7470.94 7469.25 7468.2 7467.84 7468.2 7469.25 7470.94 7473.14 7475.77 7478.7 7481.84 7485.11 7488.44 7491.78 7495.05 7498.23 7501.27 7504.12 7506.73 7509.05 7511.05 7512.66 7513.85 7514.58 7514.82 7514.58 7513.85 7512.66 7511.05 7509.05 7506.73 7504.12 7501.27 7498.23 7495.05 
7488.6 7485.11 7481.57 7478.02 7474.55 7471.25 7468.23 7465.64 7463.64 7462.35 7461.91 7462.35 7463.64 7465.64 7468.23 7471.25 7474.55 7478.02 7481.57 7485.11 7488.6 7491.97 7495.2 7498.23 7501.04 7503.59 7505.83 7507.73 7509.25 7510.36 7511.04 7511.27 7511.04 7510.36 7509.25 7507.73 7505.83 7503.59 7501.04 7498.23 7495.2 7491.97 
7485.53 7481.84 7478.02 7474.13 7470.24 7466.45 7462.9 7459.77 7457.29 7455.67 7455.11 7455.67 7457.29 7459.77 7462.9 7466.45 7470.24 7474.13 7478.02 7481.84 7485.53 7489.04 7492.35 7495.43 7498.23 7500.75 7502.94 7504.78 7506.25 7507.32 7507.96 7508.18 7507.96 7507.32 7506.25 7504.78 7502.94 7500.75 7498.23 7495.43 7492.35 7489.04 
7482.63 7478.7 7474.55 7470.24 7465.82 7461.4 7457.13 7453.26 7450.07 7447.93 7447.17 7447.93 7450.07 7453.26 7457.13 7461.4 7465.82 7470.24 7474.55 7478.7 7482.63 7486.32 7489.74 7492.88 7495.72 7498.23 7500.41 7502.22 7503.65 7504.69 7505.31 7505.52 7505.31 7504.69 7503.65 7502.22 7500.41 7498.23 7495.72 7492.88 7489.74 7486.32 
7479.97 7475.77 7471.25 7466.45 7461.4 7456.19 7450.99 7446.05 7441.8 7438.82 7437.72 7438.82 7441.8 7446.05 7450.99 7456.19 7461.4 7466.45 7471.25 7475.77 7479.97 7483.86 7487.42 7490.64 7493.53 7496.06 7498.23 7500.03 7501.45 7502.47 7503.08 7503.29 7503.08 7502.47 7501.45 7500.03 7498.23 7496.06 7493.53 7490.64 7487.42 7483.86 
7477.64 7473.14 7468.23 7462.9 7457.13 7450.99 7444.57 7438.15 7432.26 7427.82 7426.06 7427.82 7432.26 7438.15 7444.57 7450.99 7457.13 7462.9 7468.23 7473.14 7477.64 7481.73 7485.43 7488.74 7491.69 7494.25 7496.43 7498.23 7499.64 7500.65 7501.26 7501.47 7501.26 7500.65 7499.64 7498.23 7496.43 7494.25 7491.69 7488.74 7485.43 7481.73 
7475.7 7470.94 7465.64 7459.77 7453.26 7446.05 7438.15 7429.71 7421.27 7414.16 7410.87 7414.16 7421.27 7429.71 7438.15 7446.05 7453.26 7459.77 7465.64 7470.94 7475.7 7479.98 7483.81 7487.22 7490.22 7492.82 7495.02 7496.83 7498.23 7499.24 7499.85 7500.05 7499.85 7499.24 7498.23 7496.83 7495.02 7492.82 7490.22 7487.22 7483.81 7479.98 
7474.25 7469.25 7463.64 7457.29 7450.07 7441.8 7432.26 7421.27 7408.97 7396.67 7389.1 7396.67 7408.97 7421.27 7432.26 7441.8 7450.07 7457.29 7463.64 7469.25 7474.25 7478.69 7482.63 7486.11 7489.16 7491.78 7494 7495.81 7497.23 7498.23 7498.84 7499.04 7498.84 7498.23 7497.23 7495.81 7494 7491.78 7489.16 7486.11 7482.63 7478.69 
7473.34 7468.2 7462.35 7455.67 7447.93 7438.82 7427.82 7414.16 7396.67 7374.45 7352.23 7374.45 7396.67 7414.16 7427.82 7438.82 7447.93 7455.67 7462.35 7468.2 7473.34 7477.89 7481.9 7485.43 7488.51 7491.16 7493.39 7495.21 7496.62 7497.63 7498.23 7498.44 7498.23 7497.63 7496.62 7495.21 7493.39 7491.16 7488.51 7485.43 7481.9 7477.89 
7473.03 7467.84 7461.91 7455.11 7447.17 7437.72 7426.06 7410.87 7389.1 7352.23 7271.05 7352.23 7389.1 7410.87 7426.06 7437.72 7447.17 7455.11 7461.91 7467.84 7473.03 7477.61 7481.65 7485.2 7488.29 7490.95 7493.18 7495 7496.42 7497.43 7498.03 7498.23 7498.03 7497.43 7496.42 7495 7493.18 7490.95 7488.29 7485.2 7481.65 7477.61 
7473.34 7468.2 7462.35 7455.67 7447.93 7438.82 7427.82 7414.16 7396.67 7374.45 7352.23 7374.45 7396.67 7414.16 7427.82 7438.82 7447.93 7455.67 7462.35 7468.2 7473.34 7477.89 7481.9 7485.43 7488.51 7491.16 7493.39 7495.21 7496.62 7497.63 7498.23 7498.44 7498.23 7497.63 7496.62 7495.21 7493.39 7491.16 7488.51 7485.43 7481.9 7477.89 
7474.25 7469.25 7463.64 7457.29 7450.07 7441.8 7432.26 7421.27 7408.97 7396.67 7389.1 7396.67 7408.97 7421.27 7432.26 7441.8 7450.07 7457.29 7463.64 7469.25 7474.25 7478.69 7482.63 7486.11 7489.16 7491.78 7494 7495.81 7497.23 7498.23 7498.84 7499.04 7498.84 7498.23 7497.23 7495.81 7494 7491.78 7489.16 7486.11 7482.63 7478.69 
7475.7 7470.94 7465.64 7459.77 7453.26 7446.05 7438.15 7429.71 7421.27 7414.16 7410.87 7414.16 7421.27 7429.71 7438.15 7446.05 7453.26 7459.77 7465.64 7470.94 7475.7 7479.98 7483.81 7487.22 7490.22 7492.82 7495.02 7496.83 7498.23 7499.24 7499.85 7500.05 7499.85 7499.24 7498.23 7496.83 7495.02 7492.82 7490.22 7487.22 7483.81 7479.98 
7477.64 7473.14 7468.23 7462.9 7457.13 7450.99 7444.57 7438.15 7432.26 7427.82 7426.06 7427.82 7432.26 7438.15 7444.57 7450.99 7457.13 7462.9 7468.23 7473.14 7477.64 7481.73 7485.43 7488.74 7491.69 7494.25 7496.43 7498.23 7499.64 7500.65 7501.26 7501.47 7501.26 7500.65 7499.64 7498.23 7496.43 7494.25 7491.69 7488.74 7485.43 7481.73 
7479.97 7475.77 7471.25 7466.45 7461.4 7456.19 7450.99 7446.05 7441.8 7438.82 7437.72 7438.82 7441.8 7446.05 7450.99 7456.19 7461.4 7466.45 7471.25 7475.77 7479.97 7483.86 7487.42 7490.64 7493.53 7496.06 7498.23 7500.03 7501.45 7502.47 7503.08 7503.29 7503.08 7502.47 7501.45 7500.03 7498.23 7496.06 7493.53 7490.64 7487.42 7483.86 
7482.63 7478.7 7474.55 7470.24 7465.82 7461.4 7457.13 7453.26 7450.07 7447.93 7447.17 7447.93 7450.07 7453.26 7457.13 7461.4 7465.82 7470.24 7474.55 7478.7 7482.63 7486.32 7489.74 7492.88 7495.72 7498.23 7500.41 7502.22 7503.65 7504.69 7505.31 7505.52 7505.31 7504.69 7503.65 7502.22 7500.41 7498.23 7495.72 7492.88 7489.74 7486.32 
7485.53 7481.84 7478.02 7474.13 7470.24 7466.45 7462.9 7459.77 7457.29 7455.67 7455.11 7455.67 7457.29 7459.77 7462.9 7466.45 7470.24 7474.13 7478.02 7481.84 7485.53 7489.04 7492.35 7495.43 7498.23 7500.75 7502.94 7504.78 7506.25 7507.32 7507.96 7508.18 7507.96 7507.32 7506.25 7504.78 7502.94 7500.75 7498.23 7495.43 7492.35 7489.04 
7488.6 7485.11 7481.57 7478.02 7474.55 7471.25 7468.23 7465.64 7463.64 7462.35 7461.91 7462.35 7463.64 7465.64 7468.23 7471.25 7474.55 7478.02 7481.57 7485.11 7488.6 7491.97 7495.2 7498.23 7501.04 7503.59 7505.83 7507.73 7509.25 7510.36 7511.04 7511.27 7511.04 7510.36 7509.25 7507.73 7505.83 7503.59 7501.04 7498.23 7495.2 7491.97 
7491.78 7488.44 7485.11 7481.84 7478.7 7475.77 7473.14 7470.94 7469.25 7468.2 7467.84 7468.2 7469.25 7470.94 7473.14 7475.77 7478.7 7481.84 7485.11 7488.44 7491.78 7495.05 7498.23 7501.27 7504.12 7506.73 7509.05 7511.05 7512.66 7513.85 7514.58 7514.82 7514.58 7513.85 7512.66 7511.05 7509.05 7506.73 7504.12 7501.27 7498.23 7495.05 
7495 7491.78 7488.6 7485.53 7482.63 7479.97 7477.64 7475.7 7474.25 7473.34 7473.03 7473.34 7474.25 7475.7 7477.64 7479.97 7482.63 7485.53 7488.6 7491.78 7495 7498.23 7501.41 7504.5 7507.43 7510.15 7512.62 7514.75 7516.5 7517.79 7518.6 7518.87 7518.6 7517.79 7516.5 7514.75 7512.62 7510.15 7507.43 7504.5 7501.41 7498.23 
7498.23 7495.05 7491.97 7489.04 7486.32 7483.86 7481.73 7479.98 7478.69 7477.89 7477.61 7477.89 7478.69 7479.98 7481.73 7483.86 7486.32 7489.04 7491.97 7495.05 7498.23 7501.46 7504.69 7507.87 7510.95 7513.85 7516.51 7518.84 7520.78 7522.24 7523.15 7523.45 7523.15 7522.24 7520.78 7518.84 7516.51 7513.85 7510.95 7507.87 7504.69 7501.46 
7501.41 7498.23 7495.2 7492.35 7489.74 7487.42 7485.43 7483.81 7482.63 7481.9 7481.65 7481.9 7482.63 7483.81 7485.43 7487.42 7489.74 7492.35 7495.2 7498.23 7501.41 7504.69 7508.03 7511.36 7514.64 7517.78 7520.72 7523.34 7525.55 7527.24 7528.3 7528.66 7528.3 7527.24 7525.55 7523.34 7520.72 7517.78 7514.64 7511.36 7508.03 7504.69 
7504.5 7501.27 7498.23 7495.43 7492.88 7490.64 7488.74 7487.22 7486.11 7485.43 7485.2 7485.43 7486.11 7487.22 7488.74 7490.64 7492.88 7495.43 7498.23 7501.27 7504.5 7507.87 7511.36 7514.91 7518.46 7521.93 7525.24 7528.26 7530.85 7532.87 7534.15 7534.59 7534.15 7532.87 7530.85 7528.26 7525.24 7521.93 7518.46 7514.91 7511.36 7507.87 
7507.43 7504.12 7501.04 7498.23 7495.72 7493.53 7491.69 7490.22 7489.16 7488.51 7488.29 7488.51 7489.16 7490.22 7491.69 7493.53 7495.72 7498.23 7501.04 7504.12 7507.43 7510.95 7514.64 7518.46 7522.36 7526.25 7530.05 7533.61 7536.74 7539.23 7540.85 7541.41 7540.85 7539.23 7536.74 7533.61 7530.05 7526.25 7522.36 7518.46 7514.64 7510.95 
7510.15 7506.73 7503.59 7500.75 7498.23 7496.06 7494.25 7492.82 7491.78 7491.16 7490.95 7491.16 7491.78 7492.82 7494.25 7496.06 7498.23 7500.75 7503.59 7506.73 7510.15 7513.85 7517.78 7521.93 7526.25 7530.68 7535.11 7539.38 7543.27 7546.47 7548.61 7549.37 7548.61 7546.47 7543.27 7539.38 7535.11 7530.68 7526.25 7521.93 7517.78 7513.85 
7512.62 7509.05 7505.83 7502.94 7500.41 7498.23 7496.43 7495.02 7494 7493.39 7493.18 7493.39 7494 7495.02 7496.43 7498.23 7500.41 7502.94 7505.83 7509.05 7512.62 7516.51 7520.72 7525.24 7530.05 7535.11 7540.33 7545.55 7550.5 7554.76 7557.75 7558.86 7557.75 7554.76 7550.5 7545.55 7540.33 7535.11 7530.05 7525.24 7520.72 7516.51 
7514.75 7511.05 7507.73 7504.78 7502.22 7500.03 7498.23 7496.83 7495.81 7495.21 7495 7495.21 7495.81 7496.83 7498.23 7500.03 7502.22 7504.78 7507.73 7511.05 7514.75 7518.84 7523.34 7528.26 7533.61 7539.38 7545.55 7551.99 7558.43 7564.33 7568.79 7570.56 7568.79 7564.33 7558.43 7551.99 7545.55 7539.38 7533.61 7528.26 7523.34 7518.84 
7516.5 7512.66 7509.25 7506.25 7503.65 7501.45 7499.64 7498.23 7497.23 7496.62 7496.42 7496.62 7497.23 7498.23 7499.64 7501.45 7503.65 7506.25 7509.25 7512.66 7516.5 7520.78 7525.55 7530.85 7536.74 7543.27 7550.5 7558.43 7566.89 7575.37 7582.52 7585.82 7582.52 7575.37 7566.89 7558.43 7550.5 7543.27 7536.74 7530.85 7525.55 7520.78 
7517.79 7513.85 7510.36 7507.32 7504.69 7502.47 7500.65 7499.24 7498.23 7497.63 7497.43 7497.63 7498.23 7499.24 7500.65 7502.47 7504.69 7507.32 7510.36 7513.85 7517.79 7522.24 7527.24 7532.87 7539.23 7546.47 7554.76 7564.33 7575.37 7587.73 7600.1 7607.71 7600.1 7587.73 7575.37 7564.33 7554.76 7546.47 7539.23 7532.87 7527.24 7522.24 
7518.6 7514.58 7511.04 7507.96 7505.31 7503.08 7501.26 7499.85 7498.84 7498.23 7498.03 7498.23 7498.84 7499.85 7501.26 7503.08 7505.31 7507.96 7511.04 7514.58 7518.6 7523.15 7528.3 7534.15 7540.85 7548.61 7557.75 7568.79 7582.52 7600.1 7622.47 7644.85 7622.47 7600.1 7582.52 7568.79 7557.75 7548.61 7540.85 7534.15 7528.3 7523.15 
7518.87 7514.82 7511.27 7508.18 7505.52 7503.29 7501.47 7500.05 7499.04 7498.44 7498.23 7498.44 7499.04 7500.05 7501.47 7503.29 7505.52 7508.18 7511.27 7514.82 7518.87 7523.45 7528.66 7534.59 7541.41 7549.37 7558.86 7570.56 7585.82 7607.71 7644.85 7726.93 7644.85 7607.71 7585.82 7570.56 7558.86 7549.37 7541.41 7534.59 7528.66 7523.45 
7518.6 7514.58 7511.04 7507.96 7505.31 7503.08 7501.26 7499.85 7498.84 7498.23 7498.03 7498.23 7498.84 7499.85 7501.26 7503.08 7505.31 7507.96 7511.04 7514.58 7518.6 7523.15 7528.3 7534.15 7540.85 7548.61 7557.75 7568.79 7582.52 7600.1 7622.47 7644.85 7622.47 7600.1 7582.52 7568.79 7557.75 7548.61 7540.85 7534.15 7528.3 7523.15 
7517.79 7513.85 7510.36 7507.32 7504.69 7502.47 7500.65 7499.24 7498.23 7497.63 7497.43 7497.63 7498.23 7499.24 7500.65 7502.47 7504.69 7507.32 7510.36 7513.85 7517.79 7522.24 7527.24 7532.87 7539.23 7546.47 7554.76 7564.33 7575.37 7587.73 7600.1 7607.71 7600.1 7587.73 7575.37 7564.33 7554.76 7546.47 7539.23 7532.87 7527.24 7522.24 
7516.5 7512.66 7509.25 7506.25 7503.65 7501.45 7499.64 7498.23 7497.23 7496.62 7496.42 7496.62 7497.23 7498.23 7499.64 7501.45 7503.65 7506.25 7509.25 7512.66 7516.5 7520.78 7525.55 7530.85 7536.74 7543.27 7550.5 7558.43 7566.89 7575.37 7582.52 7585.82 7582.52 7575.37 7566.89 7558.43 7550.5 7543.27 7536.74 7530.85 7525.55 7520.78 
7514.75 7511.05 7507.73 7504.78 7502.22 7500.03 7498.23 7496.83 7495.81 7495.21 7495 7495.21 7495.81 7496.83 7498.23 7500.03 7502.22 7504.78 7507.73 7511.05 7514.75 7518.84 7523.34 7528.26 7533.61 7539.38 7545.55 7551.99 7558.43 7564.33 7568.79 7570.56 7568.79 7564.33 7558.43 7551.99 7545.55 7539.38 7533.61 7528.26 7523.34 7518.84 
7512.62 7509.05 7505.83 7502.94 7500.41 7498.23 7496.43 7495.02 7494 7493.39 7493.18 7493.39 7494 7495.02 7496.43 7498.23 7500.41 7502.94 7505.83 7509.05 7512.62 7516.51 7520.72 7525.24 7530.05 7535.11 7540.33 7545.55 7550.5 7554.76 7557.75 7558.86 7557.75 7554.76 7550.5 7545.55 7540.33 7535.11 7530.05 7525.24 7520.72 7516.51 
7510.15 7506.73 7503.59 7500.75 7498.23 7496.06 7494.25 7492.82 7491.78 7491.16 7490.95 7491.16 7491.78 7492.82 7494.25 7496.06 7498.23 7500.75 7503.59 7506.73 7510.15 7513.85 7517.78 7521.93 7526.25 7530.68 7535.11 7539.38 7543.27 7546.47 7548.61 7549.37 7548.61 7546.47 7543.27 7539.38 7535.11 7530.68 7526.25 7521.93 7517.78 7513.85 
7507.43 7504.12 7501.04 7498.23 7495.72 7493.53 7491.69 7490.22 7489.16 7488.51 7488.29 7488.51 7489.16 7490.22 7491.69 7493.53 7495.72 7498.23 7501.04 7504.12 7507.43 7510.95 7514.64 7518.46 7522.36 7526.25 7530.05 7533.61 7536.74 7539.23 7540.85 7541.41 7540.85 7539.23 7536.74 7533.61 7530.05 7526.25 7522.36 7518.46 7514.64 7510.95 
7504.5 7501.27 7498.23 7495.43 7492.88 7490.64 7488.74 7487.22 7486.11 7485.43 7485.2 7485.43 7486.11 7487.22 7488.74 7490.64 7492.88 7495.43 7498.23 7501.27 7504.5 7507.87 7511.36 7514.91 7518.46 7521.93 7525.24 7528.26 7530.85 7532.87 7534.15 7534.59 7534.15 7532.87 7530.85 7528.26 7525.24 7521.93 7518.46 7514.91 7511.36 7507.87 
7501.41 7498.23 7495.2 7492.35 7489.74 7487.42 7485.43 7483.81 7482.63 7481.9 7481.65 7481.9 7482.63 7483.81 7485.43 7487.42 7489.74 7492.35 7495.2 7498.23 7501.41 7504.69 7508.03 7511.36 7514.64 7517.78 7520.72 7523.34 7525.55 7527.24 7528.3 7528.66 7528.3 7527.24 7525.55 7523.34 7520.72 7517.78 7514.64 7511.36 7508.03 7504.69 
7498.23 7495.05 7491.97 7489.04 7486.32 7483.86 7481.73 7479.98 7478.69 7477.89 7477.61 7477.89 7478.69 7479.98 7481.73 7483.86 7486.32 7489.04 7491.97 7495.05 7498.23 7501.46 7504.69 7507.87 7510.95 7513.85 7516.51 7518.84 7520.78 7522.24 7523.15 7523.45 7523.15 7522.24 7520.78 7518.84 7516.51 7513.85 7510.95 7507.87 7504.69 7501.46 
