7495.01 7491.79 7488.62 7485.55 7482.66 7480.01 7477.68 7475.74 7474.29 7473.39 7473.08 7473.39 7474.29 7475.74 7477.68 7480.01 7482.66 7485.55 7488.62 7491.79 7495.01 7498.23 7501.41 7504.48 7507.41 7510.13 7512.59 7514.72 7516.46 7517.75 7518.55 7518.82 7518.55 7517.75 7516.46 7514.72 7512.59 7510.13 7507.41 7504.48 7501.41 7498.23 
7491.79 7488.46 7485.14 7481.87 7478.74 7475.81 7473.19 7470.99 7469.31 7468.25 7467.89 7468.25 7469.31 7470.99 7473.19 7475.81 7478.74 7481.87 7485.14 7488.46 7491.79 7495.06 7498.23 7501.26 7504.1 7506.71 7509.03 7511.02 7512.63 7513.81 7514.54 7514.79 7514.54 7513.81 7512.63 7511.02 7509.03 7506.71 7504.1 7501.26 7498.23 7495.06 
7488.62 7485.14 7481.6 7478.06 7474.6 7471.3 7468.29 7465.7 7463.7 7462.42 7461.98 7462.42 7463.7 7465.7 7468.29 7471.3 7474.6 7478.06 7481.6 7485.14 7488.62 7491.99 7495.21 7498.23 7501.04 7503.57 7505.81 7507.71 7509.23 7510.34 7511.02 7511.24 7511.02 7510.34 7509.23 7507.71 7505.81 7503.57 7501.04 7498.23 7495.21 7491.99 
7485.55 7481.87 7478.06 7474.18 7470.29 7466.5 7462.96 7459.84 7457.35 7455.74 7455.18 7455.74 7457.35 7459.84 7462.96 7466.5 7470.29 7474.18 7478.06 7481.87 7485.55 7489.06 7492.37 7495.43 7498.23 7500.74 7502.93 7504.77 7506.23 7507.3 7507.94 7508.16 7507.94 7507.3 7506.23 7504.77 7502.93 7500.74 7498.23 7495.43 7492.37 7489.06 
7482.66 7478.74 7474.6 7470.29 7465.87 7461.46 7457.2 7453.33 7450.14 7448.01 7447.25 7448.01 7450.14 7453.33 7457.2 7461.46 7465.87 7470.29 7474.6 7478.74 7482.66 7486.34 7489.76 7492.9 7495.73 7498.23 7500.4 7502.21 7503.64 7504.67 7505.3 7505.51 7505.3 7504.67 7503.64 7502.21 7500.4 7498.23 7495.73 7492.9 7489.76 7486.34 
7480.01 7475.81 7471.3 7466.5 7461.46 7456.26 7451.06 7446.12 7441.88 7438.9 7437.8 7438.9 7441.88 7446.12 7451.06 7456.26 7461.46 7466.5 7471.3 7475.81 7480.01 7483.89 7487.44 7490.66 7493.54 7496.07 7498.23 7500.03 7501.44 7502.46 7503.07 7503.28 7503.07 7502.46 7501.44 7500.03 7498.23 7496.07 7493.54 7490.66 7487.44 7483.89 
7477.68 7473.19 7468.29 7462.96 7457.2 7451.06 7444.64 7438.23 7432.34 7427.91 7426.14 7427.91 7432.34 7438.23 7444.64 7451.06 7457.2 7462.96 7468.29 7473.19 7477.68 7481.76 7485.45 7488.77 7491.7 7494.26 7496.44 7498.23 7499.64 7500.65 7501.26 7501.46 7501.26 7500.65 7499.64 7498.23 7496.44 7494.26 7491.7 7488.77 7485.45 7481.76 
7475.74 7470.99 7465.7 7459.84 7453.33 7446.12 7438.23 7429.79 7421.36 7414.24 7410.95 7414.24 7421.36 7429.79 7438.23 7446.12 7453.33 7459.84 7465.7 7470.99 7475.74 7480.02 7483.85 7487.25 7490.24 7492.83 7495.03 7496.83 7498.23 7499.24 7499.85 7500.05 7499.85 7499.24 7498.23 7496.83 7495.03 7492.83 7490.24 7487.25 7483.85 7480.02 
7474.29 7469.31 7463.7 7457.35 7450.14 7441.88 7432.34 7421.36 7409.06 7396.76 7389.19 7396.76 7409.06 7421.36 7432.34 7441.88 7450.14 7457.35 7463.7 7469.31 7474.29 7478.73 7482.66 7486.14 7489.18 7491.8 7494.01 7495.82 7497.23 7498.23 7498.84 7499.04 7498.84 7498.23 7497.23 7495.82 7494.01 7491.8 7489.18 7486.14 7482.66 7478.73 
7473.39 7468.25 7462.42 7455.74 7448.01 7438.9 7427.91 7414.24 7396.76 7374.54 7352.32 7374.54 7396.76 7414.24 7427.91 7438.9 7448.01 7455.74 7462.42 7468.25 7473.39 7477.93 7481.93 7485.46 7488.53 7491.17 7493.4 7495.21 7496.62 7497.63 7498.23 7498.44 7498.23 7497.63 7496.62 7495.21 7493.4 7491.17 7488.53 7485.46 7481.93 7477.93 
7473.08 7467.89 7461.98 7455.18 7447.25 7437.8 7426.14 7410.95 7389.19 7352.32 7271.14 7352.32 7389.19 7410.95 7426.14 7437.8 7447.25 7455.18 7461.98 7467.89 7473.08 7477.66 7481.69 7485.23 7488.31 7490.96 7493.19 7495.01 7496.42 7497.43 7498.03 7498.23 7498.03 7497.43 7496.42 7495.01 7493.19 7490.96 7488.31 7485.23 7481.69 7477.66 
7473.39 7468.25 7462.42 7455.74 7448.01 7438.9 7427.91 7414.24 7396.76 7374.54 7352.32 7374.54 7396.76 7414.24 7427.91 7438.9 7448.01 7455.74 7462.42 7468.25 7473.39 7477.93 7481.93 7485.46 7488.53 7491.17 7493.4 7495.21 7496.62 7497.63 7498.23 7498.44 7498.23 7497.63 7496.62 7495.21 7493.4 7491.17 7488.53 7485.46 7481.93 7477.93 
7474.29 7469.31 7463.7 7457.35 7450.14 7441.88 7432.34 7421.36 7409.06 7396.76 7389.19 7396.76 7409.06 7421.36 7432.34 7441.88 7450.14 7457.35 7463.7 7469.31 7474.29 7478.73 7482.66 7486.14 7489.18 7491.8 7494.01 7495.82 7497.23 7498.23 7498.84 7499.04 7498.84 7498.23 7497.23 7495.82 7494.01 7491.8 7489.18 7486.14 7482.66 7478.73 
7475.74 7470.99 7465.7 7459.84 7453.33 7446.12 7438.23 7429.79 7421.36 7414.24 7410.95 7414.24 7421.36 7429.79 7438.23 7446.12 7453.33 7459.84 7465.7 7470.99 7475.74 7480.02 7483.85 7487.25 7490.24 7492.83 7495.03 7496.83 7498.23 7499.24 7499.85 7500.05 7499.85 7499.24 7498.23 7496.83 7495.03 7492.83 7490.24 7487.25 7483.85 7480.02 
7477.68 7473.19 7468.29 7462.96 7457.2 7451.06 7444.64 7438.23 7432.34 7427.91 7426.14 7427.91 7432.34 7438.23 7444.64 7451.06 7457.2 7462.96 7468.29 7473.19 7477.68 7481.76 7485.45 7488.77 7491.7 7494.26 7496.44 7498.23 7499.64 7500.65 7501.26 7501.46 7501.26 7500.65 7499.64 7498.23 7496.44 7494.26 7491.7 7488.77 7485.45 7481.76 
7480.01 7475.81 7471.3 7466.5 7461.46 7456.26 7451.06 7446.12 7441.88 7438.9 7437.8 7438.9 7441.88 7446.12 7451.06 7456.26 7461.46 7466.5 7471.3 7475.81 7480.01 7483.89 7487.44 7490.66 7493.54 7496.07 7498.23 7500.03 7501.44 7502.46 7503.07 7503.28 7503.07 7502.46 7501.44 7500.03 7498.23 7496.07 7493.54 7490.66 7487.44 7483.89 
7482.66 7478.74 7474.6 7470.29 7465.87 7461.46 7457.2 7453.33 7450.14 7448.01 7447.25 7448.01 7450.14 7453.33 7457.2 7461.46 7465.87 7470.29 7474.6 7478.74 7482.66 7486.34 7489.76 7492.9 7495.73 7498.23 7500.4 7502.21 7503.64 7504.67 7505.3 7505.51 7505.3 7504.67 7503.64 7502.21 7500.4 7498.23 7495.73 7492.9 7489.76 7486.34 
7485.55 7481.87 7478.06 7474.18 7470.29 7466.5 7462.96 7459.84 7457.35 7455.74 7455.18 7455.74 7457.35 7459.84 7462.96 7466.5 7470.29 7474.18 7478.06 7481.87 7485.55 7489.06 7492.37 7495.43 7498.23 7500.74 7502.93 7504.77 7506.23 7507.3 7507.94 7508.16 7507.94 7507.3 7506.23 7504.77 7502.93 7500.74 7498.23 7495.43 7492.37 7489.06 
7488.62 7485.14 7481.6 7478.06 7474.6 7471.3 7468.29 7465.7 7463.7 7462.42 7461.98 7462.42 7463.7 7465.7 7468.29 7471.3 7474.6 7478.06 7481.6 7485.14 7488.62 7491.99 7495.21 7498.23 7501.04 7503.57 7505.81 7507.71 7509.23 7510.34 7511.02 7511.24 7511.02 7510.34 7509.23 7507.71 7505.81 7503.57 7501.04 7498.23 7495.21 7491.99 
7491.79 7488.46 7485.14 7481.87 7478.74 7475.81 7473.19 7470.99 7469.31 7468.25 7467.89 7468.25 7469.31 7470.99 7473.19 7475.81 7478.74 7481.87 7485.14 7488.46 7491.79 7495.06 7498.23 7501.26 7504.1 7506.71 7509.03 7511.02 7512.63 7513.81 7514.54 7514.79 7514.54 7513.81 7512.63 7511.02 7509.03 7506.71 7504.1 7501.26 7498.23 7495.06 
7495.01 7491.79 7488.62 7485.55 7482.66 7480.01 7477.68 7475.74 7474.29 7473.39 7473.08 7473.39 7474.29 7475.74 7477.68 7480.01 7482.66 7485.55 7488.62 7491.79 7495.01 7498.23 7501.41 7504.48 7507.41 7510.13 7512.59 7514.72 7516.46 7517.75 7518.55 7518.82 7518.55 7517.75 7516.46 7514.72 7512.59 7510.13 7507.41 7504.48 7501.41 7498.23 
7498.23 7495.06 7491.99 7489.06 7486.34 7483.89 7481.76 7480.02 7478.73 7477.93 7477.66 7477.93 7478.73 7480.02 7481.76 7483.89 7486.34 7489.06 7491.99 7495.06 7498.23 7501.46 7504.68 7507.85 7510.92 7513.81 7516.47 7518.8 7520.74 7522.19 7523.1 7523.4 7523.1 7522.19 7520.74 7518.8 7516.47 7513.81 7510.92 7507.85 7504.68 7501.46 
7501.41 7498.23 7495.21 7492.37 7489.76 7487.44 7485.45 7483.85 7482.66 7481.93 7481.69 7481.93 7482.66 7483.85 7485.45 7487.44 7489.76 7492.37 7495.21 7498.23 7501.41 7504.68 7508.01 7511.33 7514.6 7517.74 7520.67 7523.3 7525.5 7527.19 7528.24 7528.6 7528.24 7527.19 7525.5 7523.3 7520.67 7517.74 7514.6 7511.33 7508.01 7504.68 
7504.48 7501.26 7498.23 7495.43 7492.9 7490.66 7488.77 7487.25 7486.14 7485.46 7485.23 7485.46 7486.14 7487.25 7488.77 7490.66 7492.9 7495.43 7498.23 7501.26 7504.48 7507.85 7511.33 7514.88 7518.42 7521.89 7525.19 7528.21 7530.8 7532.81 7534.09 7534.53 7534.09 7532.81 7530.8 7528.21 7525.19 7521.89 7518.42 7514.88 7511.33 7507.85 
7507.41 7504.1 7501.04 7498.23 7495.73 7493.54 7491.7 7490.24 7489.18 7488.53 7488.31 7488.53 7489.18 7490.24 7491.7 7493.54 7495.73 7498.23 7501.04 7504.1 7507.41 7510.92 7514.6 7518.42 7522.31 7526.2 7530 7533.55 7536.68 7539.16 7540.78 7541.35 7540.78 7539.16 7536.68 7533.55 7530 7526.2 7522.31 7518.42 7514.6 7510.92 
7510.13 7506.71 7503.57 7500.74 7498.23 7496.07 7494.26 7492.83 7491.8 7491.17 7490.96 7491.17 7491.8 7492.83 7494.26 7496.07 7498.23 7500.74 7503.57 7506.71 7510.13 7513.81 7517.74 7521.89 7526.2 7530.62 7535.05 7539.32 7543.2 7546.39 7548.53 7549.3 7548.53 7546.39 7543.2 7539.32 7535.05 7530.62 7526.2 7521.89 7517.74 7513.81 
7512.59 7509.03 7505.81 7502.93 7500.4 7498.23 7496.44 7495.03 7494.01 7493.4 7493.19 7493.4 7494.01 7495.03 7496.44 7498.23 7500.4 7502.93 7505.81 7509.03 7512.59 7516.47 7520.67 7525.19 7530 7535.05 7540.26 7545.48 7550.42 7554.68 7557.67 7558.78 7557.67 7554.68 7550.42 7545.48 7540.26 7535.05 7530 7525.19 7520.67 7516.47 
7514.72 7511.02 7507.71 7504.77 7502.21 7500.03 7498.23 7496.83 7495.82 7495.21 7495.01 7495.21 7495.82 7496.83 7498.23 7500.03 7502.21 7504.77 7507.71 7511.02 7514.72 7518.8 7523.3 7528.21 7533.55 7539.32 7545.48 7551.91 7558.35 7564.25 7568.7 7570.48 7568.7 7564.25 7558.35 7551.91 7545.48 7539.32 7533.55 7528.21 7523.3 7518.8 
7516.46 7512.63 7509.23 7506.23 7503.64 7501.44 7499.64 7498.23 7497.23 7496.62 7496.42 7496.62 7497.23 7498.23 7499.64 7501.44 7503.64 7506.23 7509.23 7512.63 7516.46 7520.74 7525.5 7530.8 7536.68 7543.2 7550.42 7558.35 7566.81 7575.28 7582.43 7585.73 7582.43 7575.28 7566.81 7558.35 7550.42 7543.2 7536.68 7530.8 7525.5 7520.74 
7517.75 7513.81 7510.34 7507.3 7504.67 7502.46 7500.65 7499.24 7498.23 7497.63 7497.43 7497.63 7498.23 7499.24 7500.65 7502.46 7504.67 7507.3 7510.34 7513.81 7517.75 7522.19 7527.19 7532.81 7539.16 7546.39 7554.68 7564.25 7575.28 7587.64 7600.01 7607.62 7600.01 7587.64 7575.28 7564.25 7554.68 7546.39 7539.16 7532.81 7527.19 7522.19 
7518.55 7514.54 7511.02 7507.94 7505.3 7503.07 7501.26 7499.85 7498.84 7498.23 7498.03 7498.23 7498.84 7499.85 7501.26 7503.07 7505.3 7507.94 7511.02 7514.54 7518.55 7523.1 7528.24 7534.09 7540.78 7548.53 7557.67 7568.7 7582.43 7600.01 7622.38 7644.76 7622.38 7600.01 7582.43 7568.7 7557.67 7548.53 7540.78 7534.09 7528.24 7523.1 
7518.82 7514.79 7511.24 7508.16 7505.51 7503.28 7501.46 7500.05 7499.04 7498.44 7498.23 7498.44 7499.04 7500.05 7501.46 7503.28 7505.51 7508.16 7511.24 7514.79 7518.82 7523.4 7528.6 7534.53 7541.35 7549.3 7558.78 7570.48 7585.73 7607.62 7644.76 7726.83 7644.76 7607.62 7585.73 7570.48 7558.78 7549.3 7541.35 7534.53 7528.6 7523.4 
7518.55 7514.54 7511.02 7507.94 7505.3 7503.07 7501.26 7499.85 7498.84 7498.23 7498.03 7498.23 7498.84 7499.85 7501.26 7503.07 7505.3 7507.94 7511.02 7514.54 7518.55 7523.1 7528.24 7534.09 7540.78 7548.53 7557.67 7568.7 7582.43 7600.01 7622.38 7644.76 7622.38 7600.01 7582.43 7568.7 7557.67 7548.53 7540.78 7534.09 7528.24 7523.1 
7517.75 7513.81 7510.34 7507.3 7504.67 7502.46 7500.65 7499.24 7498.23 7497.63 7497.43 7497.63 7498.23 7499.24 7500.65 7502.46 7504.67 7507.3 7510.34 7513.81 7517.75 7522.19 7527.19 7532.81 7539.16 7546.39 7554.68 7564.25 7575.28 7587.64 7600.01 7607.62 7600.01 7587.64 7575.28 7564.25 7554.68 7546.39 7539.16 7532.81 7527.19 7522.19 
7516.46 7512.63 7509.23 7506.23 7503.64 7501.44 7499.64 7498.23 7497.23 7496.62 7496.42 7496.62 7497.23 7498.23 7499.64 7501.44 7503.64 7506.23 7509.23 7512.63 7516.46 7520.74 7525.5 7530.8 7536.68 7543.2 7550.42 7558.35 7566.81 7575.28 7582.43 7585.73 7582.43 7575.28 7566.81 7558.35 7550.42 7543.2 7536.68 7530.8 7525.5 7520.74 
7514.72 7511.02 7507.71 7504.77 7502.21 7500.03 7498.23 7496.83 7495.82 7495.21 7495.01 7495.21 7495.82 7496.83 7498.23 7500.03 7502.21 7504.77 7507.71 7511.02 7514.72 7518.8 7523.3 7528.21 7533.55 7539.32 7545.48 7551.91 7558.35 7564.25 7568.7 7570.48 7568.7 7564.25 7558.35 7551.91 7545.48 7539.32 7533.55 7528.21 7523.3 7518.8 
7512.59 7509.03 7505.81 7502.93 7500.4 7498.23 7496.44 7495.03 7494.01 7493.4 7493.19 7493.4 7494.01 7495.03 7496.44 7498.23 7500.4 7502.93 7505.81 7509.03 7512.59 7516.47 7520.67 7525.19 7530 7535.05 7540.26 7545.48 7550.42 7554.68 7557.67 7558.78 7557.67 7554.68 7550.42 7545.48 7540.26 7535.05 7530 7525.19 7520.67 7516.47 
7510.13 7506.71 7503.57 7500.74 7498.23 7496.07 7494.26 7492.83 7491.8 7491.17 7490.96 7491.17 7491.8 7492.83 7494.26 7496.07 7498.23 7500.74 7503.57 7506.71 7510.13 7513.81 7517.74 7521.89 7526.2 7530.62 7535.05 7539.32 7543.2 7546.39 7548.53 7549.3 7548.53 7546.39 7543.2 7539.32 7535.05 7530.62 7526.2 7521.89 7517.74 7513.81 
7507.41 7504.1 7501.04 7498.23 7495.73 7493.54 7491.7 7490.24 7489.18 7488.53 7488.31 7488.53 7489.18 7490.24 7491.7 7493.54 7495.73 7498.23 7501.04 7504.1 7507.41 7510.92 7514.6 7518.42 7522.31 7526.2 7530 7533.55 7536.68 7539.16 7540.78 7541.35 7540.78 7539.16 7536.68 7533.55 7530 7526.2 7522.31 7518.42 7514.6 7510.92 
7504.48 7501.26 7498.23 7495.43 7492.9 7490.66 7488.77 7487.25 7486.14 7485.46 7485.23 7485.46 7486.14 7487.25 7488.77 7490.66 7492.9 7495.43 7498.23 7501.26 7504.48 7507.85 7511.33 7514.88 7518.42 7521.89 7525.19 7528.21 7530.8 7532.81 7534.09 7534.53 7534.09 7532.81 7530.8 7528.21 7525.19 7521.89 7518.42 7514.88 7511.33 7507.85 
7501.41 7498.23 7495.21 7492.37 7489.76 7487.44 7485.45 7483.85 7482.66 7481.93 7481.69 7481.93 7482.66 7483.85 7485.45 7487.44 7489.76 7492.37 7495.21 7498.23 7501.41 7504.68 7508.01 7511.33 7514.6 7517.74 7520.67 7523.3 7525.5 7527.19 7528.24 7528.6 7528.24 7527.19 7525.5 7523.3 7520.67 7517.74 7514.6 7511.33 7508.01 7504.68 
7498.23 7495.06 7491.99 7489.06 7486.34 7483.89 7481.76 7480.02 7478.73 7477.93 7477.66 7477.93 7478.73 7480.02 7481.76 7483.89 7486.34 7489.06 7491.99 7495.06 7498.23 7501.46 7504.68 7507.85 7510.92 7513.81 7516.47 7518.8 7520.74 7522.19 7523.1 7523.4 7523.1 7522.19 7520.74 7518.8 7516.47 7513.81 7510.92 7507.85 7504.68 7501.46 
