7495 7491.76 7488.58 7485.5 7482.6 7479.93 7477.59 7475.65 7474.2 7473.29 7472.98 7473.29 7474.2 7475.65 7477.59 7479.93 7482.6 7485.5 7488.58 7491.76 7495 7498.23 7501.42 7504.51 7507.45 7510.18 7512.65 7514.79 7516.54 7517.84 7518.64 7518.91 7518.64 7517.84 7516.54 7514.79 7512.65 7510.18 7507.45 7504.51 7501.42 7498.23 
7491.76 7488.42 7485.08 7481.81 7478.66 7475.72 7473.09 7470.88 7469.2 7468.14 7467.78 7468.14 7469.2 7470.88 7473.09 7475.72 7478.66 7481.81 7485.08 7488.42 7491.76 7495.05 7498.23 7501.28 7504.13 7506.75 7509.08 7511.08 7512.69 7513.88 7514.61 7514.86 7514.61 7513.88 7512.69 7511.08 7509.08 7506.75 7504.13 7501.28 7498.23 7495.05 
7488.58 7485.08 7481.53 7477.98 7474.51 7471.2 7468.18 7465.58 7463.57 7462.29 7461.85 7462.29 7463.57 7465.58 7468.18 7471.2 7474.51 7477.98 7481.53 7485.08 7488.58 7491.96 7495.19 7498.23 7501.05 7503.6 7505.84 7507.75 7509.28 7510.39 7511.07 7511.3 7511.07 7510.39 7509.28 7507.75 7505.84 7503.6 7501.05 7498.23 7495.19 7491.96 
7485.5 7481.81 7477.98 7474.08 7470.18 7466.39 7462.83 7459.71 7457.22 7455.6 7455.04 7455.6 7457.22 7459.71 7462.83 7466.39 7470.18 7474.08 7477.98 7481.81 7485.5 7489.02 7492.34 7495.42 7498.23 7500.75 7502.95 7504.8 7506.27 7507.34 7507.99 7508.2 7507.99 7507.34 7506.27 7504.8 7502.95 7500.75 7498.23 7495.42 7492.34 7489.02 
7482.6 7478.66 7474.51 7470.18 7465.76 7461.33 7457.07 7453.18 7449.99 7447.86 7447.1 7447.86 7449.99 7453.18 7457.07 7461.33 7465.76 7470.18 7474.51 7478.66 7482.6 7486.29 7489.72 7492.87 7495.71 7498.23 7500.41 7502.23 7503.66 7504.7 7505.33 7505.54 7505.33 7504.7 7503.66 7502.23 7500.41 7498.23 7495.71 7492.87 7489.72 7486.29 
7479.93 7475.72 7471.2 7466.39 7461.33 7456.12 7450.91 7445.97 7441.72 7438.74 7437.64 7438.74 7441.72 7445.97 7450.91 7456.12 7461.33 7466.39 7471.2 7475.72 7479.93 7483.83 7487.39 7490.63 7493.52 7496.06 7498.23 7500.04 7501.46 7502.48 7503.1 7503.3 7503.1 7502.48 7501.46 7500.04 7498.23 7496.06 7493.52 7490.63 7487.39 7483.83 
7477.59 7473.09 7468.18 7462.83 7457.07 7450.91 7444.49 7438.06 7432.18 7427.74 7425.97 7427.74 7432.18 7438.06 7444.49 7450.91 7457.07 7462.83 7468.18 7473.09 7477.59 7481.69 7485.4 7488.72 7491.67 7494.24 7496.43 7498.23 7499.65 7500.66 7501.27 7501.48 7501.27 7500.66 7499.65 7498.23 7496.43 7494.24 7491.67 7488.72 7485.4 7481.69 
7475.65 7470.88 7465.58 7459.71 7453.18 7445.97 7438.06 7429.63 7421.19 7414.07 7410.78 7414.07 7421.19 7429.63 7438.06 7445.97 7453.18 7459.71 7465.58 7470.88 7475.65 7479.94 7483.78 7487.2 7490.2 7492.81 7495.01 7496.82 7498.23 7499.25 7499.85 7500.06 7499.85 7499.25 7498.23 7496.82 7495.01 7492.81 7490.2 7487.2 7483.78 7479.94 
7474.2 7469.2 7463.57 7457.22 7449.99 7441.72 7432.18 7421.19 7408.88 7396.58 7389.01 7396.58 7408.88 7421.19 7432.18 7441.72 7449.99 7457.22 7463.57 7469.2 7474.2 7478.64 7482.59 7486.08 7489.13 7491.77 7493.99 7495.81 7497.22 7498.23 7498.84 7499.04 7498.84 7498.23 7497.22 7495.81 7493.99 7491.77 7489.13 7486.08 7482.59 7478.64 
7473.29 7468.14 7462.29 7455.6 7447.86 7438.74 7427.74 7414.07 7396.58 7374.35 7352.14 7374.35 7396.58 7414.07 7427.74 7438.74 7447.86 7455.6 7462.29 7468.14 7473.29 7477.84 7481.86 7485.4 7488.48 7491.14 7493.37 7495.2 7496.61 7497.63 7498.23 7498.44 7498.23 7497.63 7496.61 7495.2 7493.37 7491.14 7488.48 7485.4 7481.86 7477.84 
7472.98 7467.78 7461.85 7455.04 7447.1 7437.64 7425.97 7410.78 7389.01 7352.14 7270.96 7352.14 7389.01 7410.78 7425.97 7437.64 7447.1 7455.04 7461.85 7467.78 7472.98 7477.57 7481.62 7485.17 7488.27 7490.93 7493.17 7494.99 7496.41 7497.42 7498.03 7498.23 7498.03 7497.42 7496.41 7494.99 7493.17 7490.93 7488.27 7485.17 7481.62 7477.57 
7473.29 7468.14 7462.29 7455.6 7447.86 7438.74 7427.74 7414.07 7396.58 7374.35 7352.14 7374.35 7396.58 7414.07 7427.74 7438.74 7447.86 7455.6 7462.29 7468.14 7473.29 7477.84 7481.86 7485.4 7488.48 7491.14 7493.37 7495.2 7496.61 7497.63 7498.23 7498.44 7498.23 7497.63 7496.61 7495.2 7493.37 7491.14 7488.48 7485.4 7481.86 7477.84 
7474.2 7469.2 7463.57 7457.22 7449.99 7441.72 7432.18 7421.19 7408.88 7396.58 7389.01 7396.58 7408.88 7421.19 7432.18 7441.72 7449.99 7457.22 7463.57 7469.2 7474.2 7478.64 7482.59 7486.08 7489.13 7491.77 7493.99 7495.81 7497.22 7498.23 7498.84 7499.04 7498.84 7498.23 7497.22 7495.81 7493.99 7491.77 7489.13 7486.08 7482.59 7478.64 
7475.65 7470.88 7465.58 7459.71 7453.18 7445.97 7438.06 7429.63 7421.19 7414.07 7410.78 7414.07 7421.19 7429.63 7438.06 7445.97 7453.18 7459.71 7465.58 7470.88 7475.65 7479.94 7483.78 7487.2 7490.2 7492.81 7495.01 7496.82 7498.23 7499.25 7499.85 7500.06 7499.85 7499.25 7498.23 7496.82 7495.01 7492.81 7490.2 7487.2 7483.78 7479.94 
7477.59 7473.09 7468.18 7462.83 7457.07 7450.91 7444.49 7438.06 7432.18 7427.74 7425.97 7427.74 7432.18 7438.06 7444.49 7450.91 7457.07 7462.83 7468.18 7473.09 7477.59 7481.69 7485.4 7488.72 7491.67 7494.24 7496.43 7498.23 7499.65 7500.66 7501.27 7501.48 7501.27 7500.66 7499.65 7498.23 7496.43 7494.24 7491.67 7488.72 7485.4 7481.69 
7479.93 7475.72 7471.2 7466.39 7461.33 7456.12 7450.91 7445.97 7441.72 7438.74 7437.64 7438.74 7441.72 7445.97 7450.91 7456.12 7461.33 7466.39 7471.2 7475.72 7479.93 7483.83 7487.39 7490.63 7493.52 7496.06 7498.23 7500.04 7501.46 7502.48 7503.1 7503.3 7503.1 7502.48 7501.46 7500.04 7498.23 7496.06 7493.52 7490.63 7487.39 7483.83 
7482.6 7478.66 7474.51 7470.18 7465.76 7461.33 7457.07 7453.18 7449.99 7447.86 7447.1 7447.86 7449.99 7453.18 7457.07 7461.33 7465.76 7470.18 7474.51 7478.66 7482.6 7486.29 7489.72 7492.87 7495.71 7498.23 7500.41 7502.23 7503.66 7504.7 7505.33 7505.54 7505.33 7504.7 7503.66 7502.23 7500.41 7498.23 7495.71 7492.87 7489.72 7486.29 
7485.5 7481.81 7477.98 7474.08 7470.18 7466.39 7462.83 7459.71 7457.22 7455.6 7455.04 7455.6 7457.22 7459.71 7462.83 7466.39 7470.18 7474.08 7477.98 7481.81 7485.5 7489.02 7492.34 7495.42 7498.23 7500.75 7502.95 7504.8 7506.27 7507.34 7507.99 7508.2 7507.99 7507.34 7506.27 7504.8 7502.95 7500.75 7498.23 7495.42 7492.34 7489.02 
7488.58 7485.08 7481.53 7477.98 7474.51 7471.2 7468.18 7465.58 7463.57 7462.29 7461.85 7462.29 7463.57 7465.58 7468.18 7471.2 7474.51 7477.98 7481.53 7485.08 7488.58 7491.96 7495.19 7498.23 7501.05 7503.6 7505.84 7507.75 7509.28 7510.39 7511.07 7511.3 7511.07 7510.39 7509.28 7507.75 7505.84 7503.6 7501.05 7498.23 7495.19 7491.96 
7491.76 7488.42 7485.08 7481.81 7478.66 7475.72 7473.09 7470.88 7469.2 7468.14 7467.78 7468.14 7469.2 7470.88 7473.09 7475.72 7478.66 7481.81 7485.08 7488.42 7491.76 7495.05 7498.23 7501.28 7504.13 7506.75 7509.08 7511.08 7512.69 7513.88 7514.61 7514.86 7514.61 7513.88 7512.69 7511.08 7509.08 7506.75 7504.13 7501.28 7498.23 7495.05 
7495 7491.76 7488.58 7485.5 7482.6 7479.93 7477.59 7475.65 7474.2 7473.29 7472.98 7473.29 7474.2 7475.65 7477.59 7479.93 7482.6 7485.5 7488.58 7491.76 7495 7498.23 7501.42 7504.51 7507.45 7510.18 7512.65 7514.79 7516.54 7517.84 7518.64 7518.91 7518.64 7517.84 7516.54 7514.79 7512.65 7510.18 7507.45 7504.51 7501.42 7498.23 
7498.23 7495.05 7491.96 7489.02 7486.29 7483.83 7481.69 7479.94 7478.64 7477.84 7477.57 7477.84 7478.64 7479.94 7481.69 7483.83 7486.29 7489.02 7491.96 7495.05 7498.23 7501.47 7504.71 7507.89 7510.97 7513.88 7516.54 7518.89 7520.83 7522.29 7523.2 7523.5 7523.2 7522.29 7520.83 7518.89 7516.54 7513.88 7510.97 7507.89 7504.71 7501.47 
7501.42 7498.23 7495.19 7492.34 7489.72 7487.39 7485.4 7483.78 7482.59 7481.86 7481.62 7481.86 7482.59 7483.78 7485.4 7487.39 7489.72 7492.34 7495.19 7498.23 7501.42 7504.71 7508.05 7511.39 7514.67 7517.82 7520.76 7523.39 7525.61 7527.29 7528.36 7528.72 7528.36 7527.29 7525.61 7523.39 7520.76 7517.82 7514.67 7511.39 7508.05 7504.71 
7504.51 7501.28 7498.23 7495.42 7492.87 7490.63 7488.72 7487.2 7486.08 7485.4 7485.17 7485.4 7486.08 7487.2 7488.72 7490.63 7492.87 7495.42 7498.23 7501.28 7504.51 7507.89 7511.39 7514.94 7518.5 7521.98 7525.29 7528.32 7530.91 7532.93 7534.22 7534.66 7534.22 7532.93 7530.91 7528.32 7525.29 7521.98 7518.5 7514.94 7511.39 7507.89 
7507.45 7504.13 7501.05 7498.23 7495.71 7493.52 7491.67 7490.2 7489.13 7488.48 7488.27 7488.48 7489.13 7490.2 7491.67 7493.52 7495.71 7498.23 7501.05 7504.13 7507.45 7510.97 7514.67 7518.5 7522.4 7526.31 7530.11 7533.67 7536.81 7539.3 7540.92 7541.49 7540.92 7539.3 7536.81 7533.67 7530.11 7526.31 7522.4 7518.5 7514.67 7510.97 
7510.18 7506.75 7503.6 7500.75 7498.23 7496.06 7494.24 7492.81 7491.77 7491.14 7490.93 7491.14 7491.77 7492.81 7494.24 7496.06 7498.23 7500.75 7503.6 7506.75 7510.18 7513.88 7517.82 7521.98 7526.31 7530.74 7535.17 7539.45 7543.34 7546.54 7548.68 7549.45 7548.68 7546.54 7543.34 7539.45 7535.17 7530.74 7526.31 7521.98 7517.82 7513.88 
7512.65 7509.08 7505.84 7502.95 7500.41 7498.23 7496.43 7495.01 7493.99 7493.37 7493.17 7493.37 7493.99 7495.01 7496.43 7498.23 7500.41 7502.95 7505.84 7509.08 7512.65 7516.54 7520.76 7525.29 7530.11 7535.17 7540.4 7545.62 7550.58 7554.84 7557.83 7558.94 7557.83 7554.84 7550.58 7545.62 7540.4 7535.17 7530.11 7525.29 7520.76 7516.54 
7514.79 7511.08 7507.75 7504.8 7502.23 7500.04 7498.23 7496.82 7495.81 7495.2 7494.99 7495.2 7495.81 7496.82 7498.23 7500.04 7502.23 7504.8 7507.75 7511.08 7514.79 7518.89 7523.39 7528.32 7533.67 7539.45 7545.62 7552.06 7558.51 7564.42 7568.87 7570.65 7568.87 7564.42 7558.51 7552.06 7545.62 7539.45 7533.67 7528.32 7523.39 7518.89 
7516.54 7512.69 7509.28 7506.27 7503.66 7501.46 7499.65 7498.23 7497.22 7496.61 7496.41 7496.61 7497.22 7498.23 7499.65 7501.46 7503.66 7506.27 7509.28 7512.69 7516.54 7520.83 7525.61 7530.91 7536.81 7543.34 7550.58 7558.51 7566.98 7575.45 7582.61 7585.91 7582.61 7575.45 7566.98 7558.51 7550.58 7543.34 7536.81 7530.91 7525.61 7520.83 
7517.84 7513.88 7510.39 7507.34 7504.7 7502.48 7500.66 7499.25 7498.23 7497.63 7497.42 7497.63 7498.23 7499.25 7500.66 7502.48 7504.7 7507.34 7510.39 7513.88 7517.84 7522.29 7527.29 7532.93 7539.3 7546.54 7554.84 7564.42 7575.45 7587.82 7600.19 7607.8 7600.19 7587.82 7575.45 7564.42 7554.84 7546.54 7539.3 7532.93 7527.29 7522.29 
7518.64 7514.61 7511.07 7507.99 7505.33 7503.1 7501.27 7499.85 7498.84 7498.23 7498.03 7498.23 7498.84 7499.85 7501.27 7503.1 7505.33 7507.99 7511.07 7514.61 7518.64 7523.2 7528.36 7534.22 7540.92 7548.68 7557.83 7568.87 7582.61 7600.19 7622.56 7644.95 7622.56 7600.19 7582.61 7568.87 7557.83 7548.68 7540.92 7534.22 7528.36 7523.2 
7518.91 7514.86 7511.3 7508.2 7505.54 7503.3 7501.48 7500.06 7499.04 7498.44 7498.23 7498.44 7499.04 7500.06 7501.48 7503.3 7505.54 7508.2 7511.3 7514.86 7518.91 7523.5 7528.72 7534.66 7541.49 7549.45 7558.94 7570.65 7585.91 7607.8 7644.95 7727.02 7644.95 7607.8 7585.91 7570.65 7558.94 7549.45 7541.49 7534.66 7528.72 7523.5 
7518.64 7514.61 7511.07 7507.99 7505.33 7503.1 7501.27 7499.85 7498.84 7498.23 7498.03 7498.23 7498.84 7499.85 7501.27 7503.1 7505.33 7507.99 7511.07 7514.61 7518.64 7523.2 7528.36 7534.22 7540.92 7548.68 7557.83 7568.87 7582.61 7600.19 7622.56 7644.95 7622.56 7600.19 7582.61 7568.87 7557.83 7548.68 7540.92 7534.22 7528.36 7523.2 
7517.84 7513.88 7510.39 7507.34 7504.7 7502.48 7500.66 7499.25 7498.23 7497.63 7497.42 7497.63 7498.23 7499.25 7500.66 7502.48 7504.7 7507.34 7510.39 7513.88 7517.84 7522.29 7527.29 7532.93 7539.3 7546.54 7554.84 7564.42 7575.45 7587.82 7600.19 7607.8 7600.19 7587.82 7575.45 7564.42 7554.84 7546.54 7539.3 7532.93 7527.29 7522.29 
7516.54 7512.69 7509.28 7506.27 7503.66 7501.46 7499.65 7498.23 7497.22 7496.61 7496.41 7496.61 7497.22 7498.23 7499.65 7501.46 7503.66 7506.27 7509.28 7512.69 7516.54 7520.83 7525.61 7530.91 7536.81 7543.34 7550.58 7558.51 7566.98 7575.45 7582.61 7585.91 7582.61 7575.45 7566.98 7558.51 7550.58 7543.34 7536.81 7530.91 7525.61 7520.83 
7514.79 7511.08 7507.75 7504.8 7502.23 7500.04 7498.23 7496.82 7495.81 7495.2 7494.99 7495.2 7495.81 7496.82 7498.23 7500.04 7502.23 7504.8 7507.75 7511.08 7514.79 7518.89 7523.39 7528.32 7533.67 7539.45 7545.62 7552.06 7558.51 7564.42 7568.87 7570.65 7568.87 7564.42 7558.51 7552.06 7545.62 7539.45 7533.67 7528.32 7523.39 7518.89 
7512.65 7509.08 7505.84 7502.95 7500.41 7498.23 7496.43 7495.01 7493.99 7493.37 7493.17 7493.37 7493.99 7495.01 7496.43 7498.23 7500.41 7502.95 7505.84 7509.08 7512.65 7516.54 7520.76 7525.29 7530.11 7535.17 7540.4 7545.62 7550.58 7554.84 7557.83 7558.94 7557.83 7554.84 7550.58 7545.62 7540.4 7535.17 7530.11 7525.29 7520.76 7516.54 
7510.18 7506.75 7503.6 7500.75 7498.23 7496.06 7494.24 7492.81 7491.77 7491.14 7490.93 7491.14 7491.77 7492.81 7494.24 7496.06 7498.23 7500.75 7503.6 7506.75 7510.18 7513.88 7517.82 7521.98 7526.31 7530.74 7535.17 7539.45 7543.34 7546.54 7548.68 7549.45 7548.68 7546.54 7543.34 7539.45 7535.17 7530.74 7526.31 7521.98 7517.82 7513.88 
7507.45 7504.13 7501.05 7498.23 7495.71 7493.52 7491.67 7490.2 7489.13 7488.48 7488.27 7488.48 7489.13 7490.2 7491.67 7493.52 7495.71 7498.23 7501.05 7504.13 7507.45 7510.97 7514.67 7518.5 7522.4 7526.31 7530.11 7533.67 7536.81 7539.3 7540.92 7541.49 7540.92 7539.3 7536.81 7533.67 7530.11 7526.31 7522.4 7518.5 7514.67 7510.97 
7504.51 7501.28 7498.23 7495.42 7492.87 7490.63 7488.72 7487.2 7486.08 7485.4 7485.17 7485.4 7486.08 7487.2 7488.72 7490.63 7492.87 7495.42 7498.23 7501.28 7504.51 7507.89 7511.39 7514.94 7518.5 7521.98 7525.29 7528.32 7530.91 7532.93 7534.22 7534.66 7534.22 7532.93 7530.91 7528.32 7525.29 7521.98 7518.5 7514.94 7511.39 7507.89 
7501.42 7498.23 7495.19 7492.34 7489.72 7487.39 7485.4 7483.78 7482.59 7481.86 7481.62 7481.86 7482.59 7483.78 7485.4 7487.39 7489.72 7492.34 7495.19 7498.23 7501.42 7504.71 7508.05 7511.39 7514.67 7517.82 7520.76 7523.39 7525.61 7527.29 7528.36 7528.72 7528.36 7527.29 7525.61 7523.39 7520.76 7517.82 7514.67 7511.39 7508.05 7504.71 
7498.23 7495.05 7491.96 7489.02 7486.29 7483.83 7481.69 7479.94 7478.64 7477.84 7477.57 7477.84 7478.64 7479.94 7481.69 7483.83 7486.29 7489.02 7491.96 7495.05 7498.23 7501.47 7504.71 7507.89 7510.97 7513.88 7516.54 7518.89 7520.83 7522.29 7523.2 7523.5 7523.2 7522.29 7520.83 7518.89 7516.54 7513.88 7510.97 7507.89 7504.71 7501.47 
