7495.02 7491.8 7488.64 7485.58 7482.7 7480.05 7477.72 7475.8 7474.35 7473.45 7473.14 7473.45 7474.35 7475.8 7477.72 7480.05 7482.7 7485.58 7488.64 7491.8 7495.02 7498.23 7501.4 7504.47 7507.39 7510.1 7512.55 7514.68 7516.41 7517.71 7518.51 7518.77 7518.51 7517.71 7516.41 7514.68 7512.55 7510.1 7507.39 7504.47 7501.4 7498.23 
7491.8 7488.49 7485.17 7481.91 7478.78 7475.86 7473.25 7471.05 7469.37 7468.32 7467.96 7468.32 7469.37 7471.05 7473.25 7475.86 7478.78 7481.91 7485.17 7488.49 7491.8 7495.07 7498.23 7501.26 7504.09 7506.69 7509 7510.99 7512.59 7513.78 7514.5 7514.75 7514.5 7513.78 7512.59 7510.99 7509 7506.69 7504.09 7501.26 7498.23 7495.07 
7488.64 7485.17 7481.64 7478.11 7474.65 7471.36 7468.35 7465.77 7463.77 7462.49 7462.05 7462.49 7463.77 7465.77 7468.35 7471.36 7474.65 7478.11 7481.64 7485.17 7488.64 7492 7495.21 7498.23 7501.03 7503.56 7505.79 7507.68 7509.2 7510.31 7510.98 7511.21 7510.98 7510.31 7509.2 7507.68 7505.79 7503.56 7501.03 7498.23 7495.21 7492 
7485.58 7481.91 7478.11 7474.23 7470.35 7466.57 7463.03 7459.91 7457.43 7455.82 7455.26 7455.82 7457.43 7459.91 7463.03 7466.57 7470.35 7474.23 7478.11 7481.91 7485.58 7489.09 7492.38 7495.44 7498.23 7500.74 7502.92 7504.75 7506.21 7507.27 7507.92 7508.13 7507.92 7507.27 7506.21 7504.75 7502.92 7500.74 7498.23 7495.44 7492.38 7489.09 
7482.7 7478.78 7474.65 7470.35 7465.94 7461.53 7457.28 7453.41 7450.23 7448.09 7447.33 7448.09 7450.23 7453.41 7457.28 7461.53 7465.94 7470.35 7474.65 7478.78 7482.7 7486.37 7489.78 7492.91 7495.73 7498.23 7500.4 7502.2 7503.62 7504.65 7505.28 7505.49 7505.28 7504.65 7503.62 7502.2 7500.4 7498.23 7495.73 7492.91 7489.78 7486.37 
7480.05 7475.86 7471.36 7466.57 7461.53 7456.34 7451.14 7446.21 7441.97 7438.99 7437.89 7438.99 7441.97 7446.21 7451.14 7456.34 7461.53 7466.57 7471.36 7475.86 7480.05 7483.92 7487.47 7490.68 7493.55 7496.07 7498.23 7500.03 7501.43 7502.45 7503.06 7503.26 7503.06 7502.45 7501.43 7500.03 7498.23 7496.07 7493.55 7490.68 7487.47 7483.92 
7477.72 7473.25 7468.35 7463.03 7457.28 7451.14 7444.73 7438.32 7432.44 7428 7426.24 7428 7432.44 7438.32 7444.73 7451.14 7457.28 7463.03 7468.35 7473.25 7477.72 7481.8 7485.49 7488.79 7491.72 7494.27 7496.44 7498.23 7499.64 7500.64 7501.25 7501.45 7501.25 7500.64 7499.64 7498.23 7496.44 7494.27 7491.72 7488.79 7485.49 7481.8 
7475.8 7471.05 7465.77 7459.91 7453.41 7446.21 7438.32 7429.89 7421.46 7414.34 7411.06 7414.34 7421.46 7429.89 7438.32 7446.21 7453.41 7459.91 7465.77 7471.05 7475.8 7480.06 7483.88 7487.28 7490.26 7492.85 7495.04 7496.83 7498.23 7499.24 7499.84 7500.04 7499.84 7499.24 7498.23 7496.83 7495.04 7492.85 7490.26 7487.28 7483.88 7480.06 
7474.35 7469.37 7463.77 7457.43 7450.23 7441.97 7432.44 7421.46 7409.16 7396.86 7389.3 7396.86 7409.16 7421.46 7432.44 7441.97 7450.23 7457.43 7463.77 7469.37 7474.35 7478.77 7482.7 7486.17 7489.2 7491.82 7494.02 7495.83 7497.23 7498.23 7498.84 7499.04 7498.84 7498.23 7497.23 7495.83 7494.02 7491.82 7489.2 7486.17 7482.7 7478.77 
7473.45 7468.32 7462.49 7455.82 7448.09 7438.99 7428 7414.34 7396.86 7374.64 7352.43 7374.64 7396.86 7414.34 7428 7438.99 7448.09 7455.82 7462.49 7468.32 7473.45 7477.98 7481.98 7485.49 7488.56 7491.19 7493.41 7495.22 7496.63 7497.63 7498.23 7498.44 7498.23 7497.63 7496.63 7495.22 7493.41 7491.19 7488.56 7485.49 7481.98 7477.98 
7473.14 7467.96 7462.05 7455.26 7447.33 7437.89 7426.24 7411.06 7389.3 7352.43 7271.25 7352.43 7389.3 7411.06 7426.24 7437.89 7447.33 7455.26 7462.05 7467.96 7473.14 7477.71 7481.73 7485.26 7488.34 7490.98 7493.21 7495.02 7496.43 7497.43 7498.03 7498.23 7498.03 7497.43 7496.43 7495.02 7493.21 7490.98 7488.34 7485.26 7481.73 7477.71 
7473.45 7468.32 7462.49 7455.82 7448.09 7438.99 7428 7414.34 7396.86 7374.64 7352.43 7374.64 7396.86 7414.34 7428 7438.99 7448.09 7455.82 7462.49 7468.32 7473.45 7477.98 7481.98 7485.49 7488.56 7491.19 7493.41 7495.22 7496.63 7497.63 7498.23 7498.44 7498.23 7497.63 7496.63 7495.22 7493.41 7491.19 7488.56 7485.49 7481.98 7477.98 
7474.35 7469.37 7463.77 7457.43 7450.23 7441.97 7432.44 7421.46 7409.16 7396.86 7389.3 7396.86 7409.16 7421.46 7432.44 7441.97 7450.23 7457.43 7463.77 7469.37 7474.35 7478.77 7482.7 7486.17 7489.2 7491.82 7494.02 7495.83 7497.23 7498.23 7498.84 7499.04 7498.84 7498.23 7497.23 7495.83 7494.02 7491.82 7489.2 7486.17 7482.7 7478.77 
7475.8 7471.05 7465.77 7459.91 7453.41 7446.21 7438.32 7429.89 7421.46 7414.34 7411.06 7414.34 7421.46 7429.89 7438.32 7446.21 7453.41 7459.91 7465.77 7471.05 7475.8 7480.06 7483.88 7487.28 7490.26 7492.85 7495.04 7496.83 7498.23 7499.24 7499.84 7500.04 7499.84 7499.24 7498.23 7496.83 7495.04 7492.85 7490.26 7487.28 7483.88 7480.06 
7477.72 7473.25 7468.35 7463.03 7457.28 7451.14 7444.73 7438.32 7432.44 7428 7426.24 7428 7432.44 7438.32 7444.73 7451.14 7457.28 7463.03 7468.35 7473.25 7477.72 7481.8 7485.49 7488.79 7491.72 7494.27 7496.44 7498.23 7499.64 7500.64 7501.25 7501.45 7501.25 7500.64 7499.64 7498.23 7496.44 7494.27 7491.72 7488.79 7485.49 7481.8 
7480.05 7475.86 7471.36 7466.57 7461.53 7456.34 7451.14 7446.21 7441.97 7438.99 7437.89 7438.99 7441.97 7446.21 7451.14 7456.34 7461.53 7466.57 7471.36 7475.86 7480.05 7483.92 7487.47 7490.68 7493.55 7496.07 7498.23 7500.03 7501.43 7502.45 7503.06 7503.26 7503.06 7502.45 7501.43 7500.03 7498.23 7496.07 7493.55 7490.68 7487.47 7483.92 
7482.7 7478.78 7474.65 7470.35 7465.94 7461.53 7457.28 7453.41 7450.23 7448.09 7447.33 7448.09 7450.23 7453.41 7457.28 7461.53 7465.94 7470.35 7474.65 7478.78 7482.7 7486.37 7489.78 7492.91 7495.73 7498.23 7500.4 7502.2 7503.62 7504.65 7505.28 7505.49 7505.28 7504.65 7503.62 7502.2 7500.4 7498.23 7495.73 7492.91 7489.78 7486.37 
7485.58 7481.91 7478.11 7474.23 7470.35 7466.57 7463.03 7459.91 7457.43 7455.82 7455.26 7455.82 7457.43 7459.91 7463.03 7466.57 7470.35 7474.23 7478.11 7481.91 7485.58 7489.09 7492.38 7495.44 7498.23 7500.74 7502.92 7504.75 7506.21 7507.27 7507.92 7508.13 7507.92 7507.27 7506.21 7504.75 7502.92 7500.74 7498.23 7495.44 7492.38 7489.09 
7488.64 7485.17 7481.64 7478.11 7474.65 7471.36 7468.35 7465.77 7463.77 7462.49 7462.05 7462.49 7463.77 7465.77 7468.35 7471.36 7474.65 7478.11 7481.64 7485.17 7488.64 7492 7495.21 7498.23 7501.03 7503.56 7505.79 7507.68 7509.2 7510.31 7510.98 7511.21 7510.98 7510.31 7509.2 7507.68 7505.79 7503.56 7501.03 7498.23 7495.21 7492 
7491.8 7488.49 7485.17 7481.91 7478.78 7475.86 7473.25 7471.05 7469.37 7468.32 7467.96 7468.32 7469.37 7471.05 7473.25 7475.86 7478.78 7481.91 7485.17 7488.49 7491.8 7495.07 7498.23 7501.26 7504.09 7506.69 7509 7510.99 7512.59 7513.78 7514.5 7514.75 7514.5 7513.78 7512.59 7510.99 7509 7506.69 7504.09 7501.26 7498.23 7495.07 
7495.02 7491.8 7488.64 7485.58 7482.7 7480.05 7477.72 7475.8 7474.35 7473.45 7473.14 7473.45 7474.35 7475.8 7477.72 7480.05 7482.7 7485.58 7488.64 7491.8 7495.02 7498.23 7501.4 7504.47 7507.39 7510.1 7512.55 7514.68 7516.41 7517.71 7518.51 7518.77 7518.51 7517.71 7516.41 7514.68 7512.55 7510.1 7507.39 7504.47 7501.4 7498.23 
7498.23 7495.07 7492 7489.09 7486.37 7483.92 7481.8 7480.06 7478.77 7477.98 7477.71 7477.98 7478.77 7480.06 7481.8 7483.92 7486.37 7489.09 7492 7495.07 7498.23 7501.45 7504.67 7507.83 7510.89 7513.78 7516.43 7518.76 7520.69 7522.14 7523.04 7523.35 7523.04 7522.14 7520.69 7518.76 7516.43 7513.78 7510.89 7507.83 7504.67 7501.45 
7501.4 7498.23 7495.21 7492.38 7489.78 7487.47 7485.49 7483.88 7482.7 7481.98 7481.73 7481.98 7482.7 7483.88 7485.49 7487.47 7489.78 7492.38 7495.21 7498.23 7501.4 7504.67 7507.98 7511.3 7514.56 7517.7 7520.62 7523.24 7525.44 7527.12 7528.18 7528.54 7528.18 7527.12 7525.44 7523.24 7520.62 7517.7 7514.56 7511.3 7507.98 7504.67 
7504.47 7501.26 7498.23 7495.44 7492.91 7490.68 7488.79 7487.28 7486.17 7485.49 7485.26 7485.49 7486.17 7487.28 7488.79 7490.68 7492.91 7495.44 7498.23 7501.26 7504.47 7507.83 7511.3 7514.84 7518.37 7521.83 7525.13 7528.14 7530.73 7532.74 7534.02 7534.46 7534.02 7532.74 7530.73 7528.14 7525.13 7521.83 7518.37 7514.84 7511.3 7507.83 
7507.39 7504.09 7501.03 7498.23 7495.73 7493.55 7491.72 7490.26 7489.2 7488.56 7488.34 7488.56 7489.2 7490.26 7491.72 7493.55 7495.73 7498.23 7501.03 7504.09 7507.39 7510.89 7514.56 7518.37 7522.26 7526.14 7529.93 7533.48 7536.6 7539.09 7540.7 7541.27 7540.7 7539.09 7536.6 7533.48 7529.93 7526.14 7522.26 7518.37 7514.56 7510.89 
7510.1 7506.69 7503.56 7500.74 7498.23 7496.07 7494.27 7492.85 7491.82 7491.19 7490.98 7491.19 7491.82 7492.85 7494.27 7496.07 7498.23 7500.74 7503.56 7506.69 7510.1 7513.78 7517.7 7521.83 7526.14 7530.56 7534.98 7539.24 7543.12 7546.31 7548.45 7549.21 7548.45 7546.31 7543.12 7539.24 7534.98 7530.56 7526.14 7521.83 7517.7 7513.78 
7512.55 7509 7505.79 7502.92 7500.4 7498.23 7496.44 7495.04 7494.02 7493.41 7493.21 7493.41 7494.02 7495.04 7496.44 7498.23 7500.4 7502.92 7505.79 7509 7512.55 7516.43 7520.62 7525.13 7529.93 7534.98 7540.18 7545.39 7550.34 7554.59 7557.58 7558.69 7557.58 7554.59 7550.34 7545.39 7540.18 7534.98 7529.93 7525.13 7520.62 7516.43 
7514.68 7510.99 7507.68 7504.75 7502.2 7500.03 7498.23 7496.83 7495.83 7495.22 7495.02 7495.22 7495.83 7496.83 7498.23 7500.03 7502.2 7504.75 7507.68 7510.99 7514.68 7518.76 7523.24 7528.14 7533.48 7539.24 7545.39 7551.82 7558.26 7564.16 7568.61 7570.38 7568.61 7564.16 7558.26 7551.82 7545.39 7539.24 7533.48 7528.14 7523.24 7518.76 
7516.41 7512.59 7509.2 7506.21 7503.62 7501.43 7499.64 7498.23 7497.23 7496.63 7496.43 7496.63 7497.23 7498.23 7499.64 7501.43 7503.62 7506.21 7509.2 7512.59 7516.41 7520.69 7525.44 7530.73 7536.6 7543.12 7550.34 7558.26 7566.72 7575.18 7582.33 7585.63 7582.33 7575.18 7566.72 7558.26 7550.34 7543.12 7536.6 7530.73 7525.44 7520.69 
7517.71 7513.78 7510.31 7507.27 7504.65 7502.45 7500.64 7499.24 7498.23 7497.63 7497.43 7497.63 7498.23 7499.24 7500.64 7502.45 7504.65 7507.27 7510.31 7513.78 7517.71 7522.14 7527.12 7532.74 7539.09 7546.31 7554.59 7564.16 7575.18 7587.54 7599.91 7607.52 7599.91 7587.54 7575.18 7564.16 7554.59 7546.31 7539.09 7532.74 7527.12 7522.14 
7518.51 7514.5 7510.98 7507.92 7505.28 7503.06 7501.25 7499.84 7498.84 7498.23 7498.03 7498.23 7498.84 7499.84 7501.25 7503.06 7505.28 7507.92 7510.98 7514.5 7518.51 7523.04 7528.18 7534.02 7540.7 7548.45 7557.58 7568.61 7582.33 7599.91 7622.27 7644.66 7622.27 7599.91 7582.33 7568.61 7557.58 7548.45 7540.7 7534.02 7528.18 7523.04 
7518.77 7514.75 7511.21 7508.13 7505.49 7503.26 7501.45 7500.04 7499.04 7498.44 7498.23 7498.44 7499.04 7500.04 7501.45 7503.26 7505.49 7508.13 7511.21 7514.75 7518.77 7523.35 7528.54 7534.46 7541.27 7549.21 7558.69 7570.38 7585.63 7607.52 7644.66 7726.73 7644.66 7607.52 7585.63 7570.38 7558.69 7549.21 7541.27 7534.46 7528.54 7523.35 
7518.51 7514.5 7510.98 7507.92 7505.28 7503.06 7501.25 7499.84 7498.84 7498.23 7498.03 7498.23 7498.84 7499.84 7501.25 7503.06 7505.28 7507.92 7510.98 7514.5 7518.51 7523.04 7528.18 7534.02 7540.7 7548.45 7557.58 7568.61 7582.33 7599.91 7622.27 7644.66 7622.27 7599.91 7582.33 7568.61 7557.58 7548.45 7540.7 7534.02 7528.18 7523.04 
7517.71 7513.78 7510.31 7507.27 7504.65 7502.45 7500.64 7499.24 7498.23 7497.63 7497.43 7497.63 7498.23 7499.24 7500.64 7502.45 7504.65 7507.27 7510.31 7513.78 7517.71 7522.14 7527.12 7532.74 7539.09 7546.31 7554.59 7564.16 7575.18 7587.54 7599.91 7607.52 7599.91 7587.54 7575.18 7564.16 7554.59 7546.31 7539.09 7532.74 7527.12 7522.14 
7516.41 7512.59 7509.2 7506.21 7503.62 7501.43 7499.64 7498.23 7497.23 7496.63 7496.43 7496.63 7497.23 7498.23 7499.64 7501.43 7503.62 7506.21 7509.2 7512.59 7516.41 7520.69 7525.44 7530.73 7536.6 7543.12 7550.34 7558.26 7566.72 7575.18 7582.33 7585.63 7582.33 7575.18 7566.72 7558.26 7550.34 7543.12 7536.6 7530.73 7525.44 7520.69 
7514.68 7510.99 7507.68 7504.75 7502.2 7500.03 7498.23 7496.83 7495.83 7495.22 7495.02 7495.22 7495.83 7496.83 7498.23 7500.03 7502.2 7504.75 7507.68 7510.99 7514.68 7518.76 7523.24 7528.14 7533.48 7539.24 7545.39 7551.82 7558.26 7564.16 7568.61 7570.38 7568.61 7564.16 7558.26 7551.82 7545.39 7539.24 7533.48 7528.14 7523.24 7518.76 
7512.55 7509 7505.79 7502.92 7500.4 7498.23 7496.44 7495.04 7494.02 7493.41 7493.21 7493.41 7494.02 7495.04 7496.44 7498.23 7500.4 7502.92 7505.79 7509 7512.55 7516.43 7520.62 7525.13 7529.93 7534.98 7540.18 7545.39 7550.34 7554.59 7557.58 7558.69 7557.58 7554.59 7550.34 7545.39 7540.18 7534.98 7529.93 7525.13 7520.62 7516.43 
7510.1 7506.69 7503.56 7500.74 7498.23 7496.07 7494.27 7492.85 7491.82 7491.19 7490.98 7491.19 7491.82 7492.85 7494.27 7496.07 7498.23 7500.74 7503.56 7506.69 7510.1 7513.78 7517.7 7521.83 7526.14 7530.56 7534.98 7539.24 7543.12 7546.31 7548.45 7549.21 7548.45 7546.31 7543.12 7539.24 7534.98 7530.56 7526.14 7521.83 7517.7 7513.78 
7507.39 7504.09 7501.03 7498.23 7495.73 7493.55 7491.72 7490.26 7489.2 7488.56 7488.34 7488.56 7489.2 7490.26 7491.72 7493.55 7495.73 7498.23 7501.03 7504.09 7507.39 7510.89 7514.56 7518.37 7522.26 7526.14 7529.93 7533.48 7536.6 7539.09 7540.7 7541.27 7540.7 7539.09 7536.6 7533.48 7529.93 7526.14 7522.26 7518.37 7514.56 7510.89 
7504.47 7501.26 7498.23 7495.44 7492.91 7490.68 7488.79 7487.28 7486.17 7485.49 7485.26 7485.49 7486.17 7487.28 7488.79 7490.68 7492.91 7495.44 7498.23 7501.26 7504.47 7507.83 7511.3 7514.84 7518.37 7521.83 7525.13 7528.14 7530.73 7532.74 7534.02 7534.46 7534.02 7532.74 7530.73 7528.14 7525.13 7521.83 7518.37 7514.84 7511.3 7507.83 
7501.4 7498.23 7495.21 7492.38 7489.78 7487.47 7485.49 7483.88 7482.7 7481.98 7481.73 7481.98 7482.7 7483.88 7485.49 7487.47 7489.78 7492.38 7495.21 7498.23 7501.4 7504.67 7507.98 7511.3 7514.56 7517.7 7520.62 7523.24 7525.44 7527.12 7528.18 7528.54 7528.18 7527.12 7525.44 7523.24 7520.62 7517.7 7514.56 7511.3 7507.98 7504.67 
7498.23 7495.07 7492 7489.09 7486.37 7483.92 7481.8 7480.06 7478.77 7477.98 7477.71 7477.98 7478.77 7480.06 7481.8 7483.92 7486.37 7489.09 7492 7495.07 7498.23 7501.45 7504.67 7507.83 7510.89 7513.78 7516.43 7518.76 7520.69 7522.14 7523.04 7523.35 7523.04 7522.14 7520.69 7518.76 7516.43 7513.78 7510.89 7507.83 7504.67 7501.45 
