7495.01 7491.78 7488.61 7485.54 7482.65 7479.99 7477.66 7475.72 7474.27 7473.37 7473.06 7473.37 7474.27 7475.72 7477.66 7479.99 7482.65 7485.54 7488.61 7491.78 7495.01 7498.23 7501.41 7504.49 7507.42 7510.14 7512.6 7514.73 7516.48 7517.77 7518.57 7518.84 7518.57 7517.77 7516.48 7514.73 7512.6 7510.14 7507.42 7504.49 7501.41 7498.23 
7491.78 7488.46 7485.13 7481.86 7478.72 7475.79 7473.17 7470.96 7469.28 7468.23 7467.87 7468.23 7469.28 7470.96 7473.17 7475.79 7478.72 7481.86 7485.13 7488.46 7491.78 7495.06 7498.23 7501.27 7504.11 7506.72 7509.04 7511.03 7512.64 7513.83 7514.56 7514.8 7514.56 7513.83 7512.64 7511.03 7509.04 7506.72 7504.11 7501.27 7498.23 7495.06 
7488.61 7485.13 7481.59 7478.04 7474.58 7471.28 7468.26 7465.68 7463.67 7462.39 7461.95 7462.39 7463.67 7465.68 7468.26 7471.28 7474.58 7478.04 7481.59 7485.13 7488.61 7491.98 7495.2 7498.23 7501.04 7503.58 7505.82 7507.72 7509.24 7510.35 7511.03 7511.26 7511.03 7510.35 7509.24 7507.72 7505.82 7503.58 7501.04 7498.23 7495.2 7491.98 
7485.54 7481.86 7478.04 7474.16 7470.26 7466.48 7462.93 7459.81 7457.32 7455.71 7455.15 7455.71 7457.32 7459.81 7462.93 7466.48 7470.26 7474.16 7478.04 7481.86 7485.54 7489.05 7492.36 7495.43 7498.23 7500.75 7502.94 7504.78 7506.24 7507.3 7507.95 7508.17 7507.95 7507.3 7506.24 7504.78 7502.94 7500.75 7498.23 7495.43 7492.36 7489.05 
7482.65 7478.72 7474.58 7470.26 7465.85 7461.43 7457.17 7453.29 7450.11 7447.97 7447.21 7447.97 7450.11 7453.29 7457.17 7461.43 7465.85 7470.26 7474.58 7478.72 7482.65 7486.33 7489.75 7492.89 7495.72 7498.23 7500.4 7502.21 7503.64 7504.68 7505.31 7505.52 7505.31 7504.68 7503.64 7502.21 7500.4 7498.23 7495.72 7492.89 7489.75 7486.33 
7479.99 7475.79 7471.28 7466.48 7461.43 7456.23 7451.02 7446.09 7441.84 7438.86 7437.76 7438.86 7441.84 7446.09 7451.02 7456.23 7461.43 7466.48 7471.28 7475.79 7479.99 7483.88 7487.43 7490.65 7493.53 7496.06 7498.23 7500.03 7501.45 7502.46 7503.08 7503.28 7503.08 7502.46 7501.45 7500.03 7498.23 7496.06 7493.53 7490.65 7487.43 7483.88 
7477.66 7473.17 7468.26 7462.93 7457.17 7451.02 7444.61 7438.19 7432.31 7427.87 7426.1 7427.87 7432.31 7438.19 7444.61 7451.02 7457.17 7462.93 7468.26 7473.17 7477.66 7481.75 7485.44 7488.76 7491.69 7494.26 7496.44 7498.23 7499.64 7500.65 7501.26 7501.46 7501.26 7500.65 7499.64 7498.23 7496.44 7494.26 7491.69 7488.76 7485.44 7481.75 
7475.72 7470.96 7465.68 7459.81 7453.29 7446.09 7438.19 7429.76 7421.32 7414.2 7410.92 7414.2 7421.32 7429.76 7438.19 7446.09 7453.29 7459.81 7465.68 7470.96 7475.72 7480 7483.83 7487.24 7490.23 7492.83 7495.02 7496.83 7498.23 7499.24 7499.85 7500.05 7499.85 7499.24 7498.23 7496.83 7495.02 7492.83 7490.23 7487.24 7483.83 7480 
7474.27 7469.28 7463.67 7457.32 7450.11 7441.84 7432.31 7421.32 7409.02 7396.72 7389.15 7396.72 7409.02 7421.32 7432.31 7441.84 7450.11 7457.32 7463.67 7469.28 7474.27 7478.71 7482.65 7486.12 7489.17 7491.79 7494.01 7495.82 7497.23 7498.23 7498.84 7499.04 7498.84 7498.23 7497.23 7495.82 7494.01 7491.79 7489.17 7486.12 7482.65 7478.71 
7473.37 7468.23 7462.39 7455.71 7447.97 7438.86 7427.87 7414.2 7396.72 7374.5 7352.28 7374.5 7396.72 7414.2 7427.87 7438.86 7447.97 7455.71 7462.39 7468.23 7473.37 7477.91 7481.92 7485.45 7488.52 7491.16 7493.39 7495.21 7496.62 7497.63 7498.23 7498.44 7498.23 7497.63 7496.62 7495.21 7493.39 7491.16 7488.52 7485.45 7481.92 7477.91 
7473.06 7467.87 7461.95 7455.15 7447.21 7437.76 7426.1 7410.92 7389.15 7352.28 7271.1 7352.28 7389.15 7410.92 7426.1 7437.76 7447.21 7455.15 7461.95 7467.87 7473.06 7477.64 7481.67 7485.22 7488.3 7490.96 7493.19 7495.01 7496.42 7497.43 7498.03 7498.23 7498.03 7497.43 7496.42 7495.01 7493.19 7490.96 7488.3 7485.22 7481.67 7477.64 
7473.37 7468.23 7462.39 7455.71 7447.97 7438.86 7427.87 7414.2 7396.72 7374.5 7352.28 7374.5 7396.72 7414.2 7427.87 7438.86 7447.97 7455.71 7462.39 7468.23 7473.37 7477.91 7481.92 7485.45 7488.52 7491.16 7493.39 7495.21 7496.62 7497.63 7498.23 7498.44 7498.23 7497.63 7496.62 7495.21 7493.39 7491.16 7488.52 7485.45 7481.92 7477.91 
7474.27 7469.28 7463.67 7457.32 7450.11 7441.84 7432.31 7421.32 7409.02 7396.72 7389.15 7396.72 7409.02 7421.32 7432.31 7441.84 7450.11 7457.32 7463.67 7469.28 7474.27 7478.71 7482.65 7486.12 7489.17 7491.79 7494.01 7495.82 7497.23 7498.23 7498.84 7499.04 7498.84 7498.23 7497.23 7495.82 7494.01 7491.79 7489.17 7486.12 7482.65 7478.71 
7475.72 7470.96 7465.68 7459.81 7453.29 7446.09 7438.19 7429.76 7421.32 7414.2 7410.92 7414.2 7421.32 7429.76 7438.19 7446.09 7453.29 7459.81 7465.68 7470.96 7475.72 7480 7483.83 7487.24 7490.23 7492.83 7495.02 7496.83 7498.23 7499.24 7499.85 7500.05 7499.85 7499.24 7498.23 7496.83 7495.02 7492.83 7490.23 7487.24 7483.83 7480 
7477.66 7473.17 7468.26 7462.93 7457.17 7451.02 7444.61 7438.19 7432.31 7427.87 7426.1 7427.87 7432.31 7438.19 7444.61 7451.02 7457.17 7462.93 7468.26 7473.17 7477.66 7481.75 7485.44 7488.76 7491.69 7494.26 7496.44 7498.23 7499.64 7500.65 7501.26 7501.46 7501.26 7500.65 7499.64 7498.23 7496.44 7494.26 7491.69 7488.76 7485.44 7481.75 
7479.99 7475.79 7471.28 7466.48 7461.43 7456.23 7451.02 7446.09 7441.84 7438.86 7437.76 7438.86 7441.84 7446.09 7451.02 7456.23 7461.43 7466.48 7471.28 7475.79 7479.99 7483.88 7487.43 7490.65 7493.53 7496.06 7498.23 7500.03 7501.45 7502.46 7503.08 7503.28 7503.08 7502.46 7501.45 7500.03 7498.23 7496.06 7493.53 7490.65 7487.43 7483.88 
7482.65 7478.72 7474.58 7470.26 7465.85 7461.43 7457.17 7453.29 7450.11 7447.97 7447.21 7447.97 7450.11 7453.29 7457.17 7461.43 7465.85 7470.26 7474.58 7478.72 7482.65 7486.33 7489.75 7492.89 7495.72 7498.23 7500.4 7502.21 7503.64 7504.68 7505.31 7505.52 7505.31 7504.68 7503.64 7502.21 7500.4 7498.23 7495.72 7492.89 7489.75 7486.33 
7485.54 7481.86 7478.04 7474.16 7470.26 7466.48 7462.93 7459.81 7457.32 7455.71 7455.15 7455.71 7457.32 7459.81 7462.93 7466.48 7470.26 7474.16 7478.04 7481.86 7485.54 7489.05 7492.36 7495.43 7498.23 7500.75 7502.94 7504.78 7506.24 7507.3 7507.95 7508.17 7507.95 7507.3 7506.24 7504.78 7502.94 7500.75 7498.23 7495.43 7492.36 7489.05 
7488.61 7485.13 7481.59 7478.04 7474.58 7471.28 7468.26 7465.68 7463.67 7462.39 7461.95 7462.39 7463.67 7465.68 7468.26 7471.28 7474.58 7478.04 7481.59 7485.13 7488.61 7491.98 7495.2 7498.23 7501.04 7503.58 7505.82 7507.72 7509.24 7510.35 7511.03 7511.26 7511.03 7510.35 7509.24 7507.72 7505.82 7503.58 7501.04 7498.23 7495.2 7491.98 
7491.78 7488.46 7485.13 7481.86 7478.72 7475.79 7473.17 7470.96 7469.28 7468.23 7467.87 7468.23 7469.28 7470.96 7473.17 7475.79 7478.72 7481.86 7485.13 7488.46 7491.78 7495.06 7498.23 7501.27 7504.11 7506.72 7509.04 7511.03 7512.64 7513.83 7514.56 7514.8 7514.56 7513.83 7512.64 7511.03 7509.04 7506.72 7504.11 7501.27 7498.23 7495.06 
7495.01 7491.78 7488.61 7485.54 7482.65 7479.99 7477.66 7475.72 7474.27 7473.37 7473.06 7473.37 7474.27 7475.72 7477.66 7479.99 7482.65 7485.54 7488.61 7491.78 7495.01 7498.23 7501.41 7504.49 7507.42 7510.14 7512.6 7514.73 7516.48 7517.77 7518.57 7518.84 7518.57 7517.77 7516.48 7514.73 7512.6 7510.14 7507.42 7504.49 7501.41 7498.23 
7498.23 7495.06 7491.98 7489.05 7486.33 7483.88 7481.75 7480 7478.71 7477.91 7477.64 7477.91 7478.71 7480 7481.75 7483.88 7486.33 7489.05 7491.98 7495.06 7498.23 7501.46 7504.69 7507.86 7510.93 7513.83 7516.48 7518.82 7520.76 7522.21 7523.12 7523.43 7523.12 7522.21 7520.76 7518.82 7516.48 7513.83 7510.93 7507.86 7504.69 7501.46 
7501.41 7498.23 7495.2 7492.36 7489.75 7487.43 7485.44 7483.83 7482.65 7481.92 7481.67 7481.92 7482.65 7483.83 7485.44 7487.43 7489.75 7492.36 7495.2 7498.23 7501.41 7504.69 7508.02 7511.35 7514.62 7517.76 7520.69 7523.32 7525.53 7527.21 7528.27 7528.63 7528.27 7527.21 7525.53 7523.32 7520.69 7517.76 7514.62 7511.35 7508.02 7504.69 
7504.49 7501.27 7498.23 7495.43 7492.89 7490.65 7488.76 7487.24 7486.12 7485.45 7485.22 7485.45 7486.12 7487.24 7488.76 7490.65 7492.89 7495.43 7498.23 7501.27 7504.49 7507.86 7511.35 7514.89 7518.44 7521.91 7525.21 7528.23 7530.82 7532.83 7534.12 7534.56 7534.12 7532.83 7530.82 7528.23 7525.21 7521.91 7518.44 7514.89 7511.35 7507.86 
7507.42 7504.11 7501.04 7498.23 7495.72 7493.53 7491.69 7490.23 7489.17 7488.52 7488.3 7488.52 7489.17 7490.23 7491.69 7493.53 7495.72 7498.23 7501.04 7504.11 7507.42 7510.93 7514.62 7518.44 7522.33 7526.23 7530.02 7533.57 7536.7 7539.19 7540.81 7541.38 7540.81 7539.19 7536.7 7533.57 7530.02 7526.23 7522.33 7518.44 7514.62 7510.93 
7510.14 7506.72 7503.58 7500.75 7498.23 7496.06 7494.26 7492.83 7491.79 7491.16 7490.96 7491.16 7491.79 7492.83 7494.26 7496.06 7498.23 7500.75 7503.58 7506.72 7510.14 7513.83 7517.76 7521.91 7526.23 7530.65 7535.08 7539.35 7543.23 7546.43 7548.57 7549.33 7548.57 7546.43 7543.23 7539.35 7535.08 7530.65 7526.23 7521.91 7517.76 7513.83 
7512.6 7509.04 7505.82 7502.94 7500.4 7498.23 7496.44 7495.02 7494.01 7493.39 7493.19 7493.39 7494.01 7495.02 7496.44 7498.23 7500.4 7502.94 7505.82 7509.04 7512.6 7516.48 7520.69 7525.21 7530.02 7535.08 7540.29 7545.51 7550.46 7554.72 7557.71 7558.81 7557.71 7554.72 7550.46 7545.51 7540.29 7535.08 7530.02 7525.21 7520.69 7516.48 
7514.73 7511.03 7507.72 7504.78 7502.21 7500.03 7498.23 7496.83 7495.82 7495.21 7495.01 7495.21 7495.82 7496.83 7498.23 7500.03 7502.21 7504.78 7507.72 7511.03 7514.73 7518.82 7523.32 7528.23 7533.57 7539.35 7545.51 7551.94 7558.38 7564.29 7568.74 7570.52 7568.74 7564.29 7558.38 7551.94 7545.51 7539.35 7533.57 7528.23 7523.32 7518.82 
7516.48 7512.64 7509.24 7506.24 7503.64 7501.45 7499.64 7498.23 7497.23 7496.62 7496.42 7496.62 7497.23 7498.23 7499.64 7501.45 7503.64 7506.24 7509.24 7512.64 7516.48 7520.76 7525.53 7530.82 7536.7 7543.23 7550.46 7558.38 7566.85 7575.32 7582.47 7585.77 7582.47 7575.32 7566.85 7558.38 7550.46 7543.23 7536.7 7530.82 7525.53 7520.76 
7517.77 7513.83 7510.35 7507.3 7504.68 7502.46 7500.65 7499.24 7498.23 7497.63 7497.43 7497.63 7498.23 7499.24 7500.65 7502.46 7504.68 7507.3 7510.35 7513.83 7517.77 7522.21 7527.21 7532.83 7539.19 7546.43 7554.72 7564.29 7575.32 7587.68 7600.05 7607.66 7600.05 7587.68 7575.32 7564.29 7554.72 7546.43 7539.19 7532.83 7527.21 7522.21 
7518.57 7514.56 7511.03 7507.95 7505.31 7503.08 7501.26 7499.85 7498.84 7498.23 7498.03 7498.23 7498.84 7499.85 7501.26 7503.08 7505.31 7507.95 7511.03 7514.56 7518.57 7523.12 7528.27 7534.12 7540.81 7548.57 7557.71 7568.74 7582.47 7600.05 7622.42 7644.8 7622.42 7600.05 7582.47 7568.74 7557.71 7548.57 7540.81 7534.12 7528.27 7523.12 
7518.84 7514.8 7511.26 7508.17 7505.52 7503.28 7501.46 7500.05 7499.04 7498.44 7498.23 7498.44 7499.04 7500.05 7501.46 7503.28 7505.52 7508.17 7511.26 7514.8 7518.84 7523.43 7528.63 7534.56 7541.38 7549.33 7558.81 7570.52 7585.77 7607.66 7644.8 7726.87 7644.8 7607.66 7585.77 7570.52 7558.81 7549.33 7541.38 7534.56 7528.63 7523.43 
7518.57 7514.56 7511.03 7507.95 7505.31 7503.08 7501.26 7499.85 7498.84 7498.23 7498.03 7498.23 7498.84 7499.85 7501.26 7503.08 7505.31 7507.95 7511.03 7514.56 7518.57 7523.12 7528.27 7534.12 7540.81 7548.57 7557.71 7568.74 7582.47 7600.05 7622.42 7644.8 7622.42 7600.05 7582.47 7568.74 7557.71 7548.57 7540.81 7534.12 7528.27 7523.12 
7517.77 7513.83 7510.35 7507.3 7504.68 7502.46 7500.65 7499.24 7498.23 7497.63 7497.43 7497.63 7498.23 7499.24 7500.65 7502.46 7504.68 7507.3 7510.35 7513.83 7517.77 7522.21 7527.21 7532.83 7539.19 7546.43 7554.72 7564.29 7575.32 7587.68 7600.05 7607.66 7600.05 7587.68 7575.32 7564.29 7554.72 7546.43 7539.19 7532.83 7527.21 7522.21 
7516.48 7512.64 7509.24 7506.24 7503.64 7501.45 7499.64 7498.23 7497.23 7496.62 7496.42 7496.62 7497.23 7498.23 7499.64 7501.45 7503.64 7506.24 7509.24 7512.64 7516.48 7520.76 7525.53 7530.82 7536.7 7543.23 7550.46 7558.38 7566.85 7575.32 7582.47 7585.77 7582.47 7575.32 7566.85 7558.38 7550.46 7543.23 7536.7 7530.82 7525.53 7520.76 
7514.73 7511.03 7507.72 7504.78 7502.21 7500.03 7498.23 7496.83 7495.82 7495.21 7495.01 7495.21 7495.82 7496.83 7498.23 7500.03 7502.21 7504.78 7507.72 7511.03 7514.73 7518.82 7523.32 7528.23 7533.57 7539.35 7545.51 7551.94 7558.38 7564.29 7568.74 7570.52 7568.74 7564.29 7558.38 7551.94 7545.51 7539.35 7533.57 7528.23 7523.32 7518.82 
7512.6 7509.04 7505.82 7502.94 7500.4 7498.23 7496.44 7495.02 7494.01 7493.39 7493.19 7493.39 7494.01 7495.02 7496.44 7498.23 7500.4 7502.94 7505.82 7509.04 7512.6 7516.48 7520.69 7525.21 7530.02 7535.08 7540.29 7545.51 7550.46 7554.72 7557.71 7558.81 7557.71 7554.72 7550.46 7545.51 7540.29 7535.08 7530.02 7525.21 7520.69 7516.48 
7510.14 7506.72 7503.58 7500.75 7498.23 7496.06 7494.26 7492.83 7491.79 7491.16 7490.96 7491.16 7491.79 7492.83 7494.26 7496.06 7498.23 7500.75 7503.58 7506.72 7510.14 7513.83 7517.76 7521.91 7526.23 7530.65 7535.08 7539.35 7543.23 7546.43 7548.57 7549.33 7548.57 7546.43 7543.23 7539.35 7535.08 7530.65 7526.23 7521.91 7517.76 7513.83 
7507.42 7504.11 7501.04 7498.23 7495.72 7493.53 7491.69 7490.23 7489.17 7488.52 7488.3 7488.52 7489.17 7490.23 7491.69 7493.53 7495.72 7498.23 7501.04 7504.11 7507.42 7510.93 7514.62 7518.44 7522.33 7526.23 7530.02 7533.57 7536.7 7539.19 7540.81 7541.38 7540.81 7539.19 7536.7 7533.57 7530.02 7526.23 7522.33 7518.44 7514.62 7510.93 
7504.49 7501.27 7498.23 7495.43 7492.89 7490.65 7488.76 7487.24 7486.12 7485.45 7485.22 7485.45 7486.12 7487.24 7488.76 7490.65 7492.89 7495.43 7498.23 7501.27 7504.49 7507.86 7511.35 7514.89 7518.44 7521.91 7525.21 7528.23 7530.82 7532.83 7534.12 7534.56 7534.12 7532.83 7530.82 7528.23 7525.21 7521.91 7518.44 7514.89 7511.35 7507.86 
7501.41 7498.23 7495.2 7492.36 7489.75 7487.43 7485.44 7483.83 7482.65 7481.92 7481.67 7481.92 7482.65 7483.83 7485.44 7487.43 7489.75 7492.36 7495.2 7498.23 7501.41 7504.69 7508.02 7511.35 7514.62 7517.76 7520.69 7523.32 7525.53 7527.21 7528.27 7528.63 7528.27 7527.21 7525.53 7523.32 7520.69 7517.76 7514.62 7511.35 7508.02 7504.69 
7498.23 7495.06 7491.98 7489.05 7486.33 7483.88 7481.75 7480 7478.71 7477.91 7477.64 7477.91 7478.71 7480 7481.75 7483.88 7486.33 7489.05 7491.98 7495.06 7498.23 7501.46 7504.69 7507.86 7510.93 7513.83 7516.48 7518.82 7520.76 7522.21 7523.12 7523.43 7523.12 7522.21 7520.76 7518.82 7516.48 7513.83 7510.93 7507.86 7504.69 7501.46 
