7495 7491.76 7488.57 7485.49 7482.59 7479.92 7477.58 7475.64 7474.18 7473.28 7472.97 7473.28 7474.18 7475.64 7477.58 7479.92 7482.59 7485.49 7488.57 7491.76 7495 7498.23 7501.42 7504.51 7507.45 7510.19 7512.65 7514.8 7516.55 7517.85 7518.65 7518.92 7518.65 7517.85 7516.55 7514.8 7512.65 7510.19 7507.45 7504.51 7501.42 7498.23 
7491.76 7488.42 7485.08 7481.8 7478.65 7475.71 7473.08 7470.87 7469.18 7468.12 7467.76 7468.12 7469.18 7470.87 7473.08 7475.71 7478.65 7481.8 7485.08 7488.42 7491.76 7495.05 7498.23 7501.28 7504.13 7506.75 7509.08 7511.08 7512.7 7513.89 7514.62 7514.87 7514.62 7513.89 7512.7 7511.08 7509.08 7506.75 7504.13 7501.28 7498.23 7495.05 
7488.57 7485.08 7481.52 7477.97 7474.49 7471.18 7468.16 7465.57 7463.56 7462.27 7461.83 7462.27 7463.56 7465.57 7468.16 7471.18 7474.49 7477.97 7481.52 7485.08 7488.57 7491.96 7495.19 7498.23 7501.05 7503.6 7505.85 7507.75 7509.28 7510.4 7511.08 7511.31 7511.08 7510.4 7509.28 7507.75 7505.85 7503.6 7501.05 7498.23 7495.19 7491.96 
7485.49 7481.8 7477.97 7474.07 7470.17 7466.37 7462.82 7459.69 7457.2 7455.58 7455.02 7455.58 7457.2 7459.69 7462.82 7466.37 7470.17 7474.07 7477.97 7481.8 7485.49 7489.02 7492.34 7495.42 7498.23 7500.76 7502.96 7504.8 7506.27 7507.34 7507.99 7508.21 7507.99 7507.34 7506.27 7504.8 7502.96 7500.76 7498.23 7495.42 7492.34 7489.02 
7482.59 7478.65 7474.49 7470.17 7465.74 7461.32 7457.05 7453.17 7449.98 7447.84 7447.08 7447.84 7449.98 7453.17 7457.05 7461.32 7465.74 7470.17 7474.49 7478.65 7482.59 7486.29 7489.72 7492.87 7495.71 7498.23 7500.41 7502.23 7503.67 7504.71 7505.34 7505.55 7505.34 7504.71 7503.67 7502.23 7500.41 7498.23 7495.71 7492.87 7489.72 7486.29 
7479.92 7475.71 7471.18 7466.37 7461.32 7456.1 7450.89 7445.95 7441.7 7438.72 7437.61 7438.72 7441.7 7445.95 7450.89 7456.1 7461.32 7466.37 7471.18 7475.71 7479.92 7483.82 7487.39 7490.62 7493.51 7496.06 7498.23 7500.04 7501.46 7502.48 7503.1 7503.31 7503.1 7502.48 7501.46 7500.04 7498.23 7496.06 7493.51 7490.62 7487.39 7483.82 
7477.58 7473.08 7468.16 7462.82 7457.05 7450.89 7444.47 7438.04 7432.16 7427.72 7425.95 7427.72 7432.16 7438.04 7444.47 7450.89 7457.05 7462.82 7468.16 7473.08 7477.58 7481.68 7485.39 7488.72 7491.67 7494.24 7496.43 7498.23 7499.65 7500.66 7501.27 7501.48 7501.27 7500.66 7499.65 7498.23 7496.43 7494.24 7491.67 7488.72 7485.39 7481.68 
7475.64 7470.87 7465.57 7459.69 7453.17 7445.95 7438.04 7429.6 7421.16 7414.05 7410.76 7414.05 7421.16 7429.6 7438.04 7445.95 7453.17 7459.69 7465.57 7470.87 7475.64 7479.93 7483.77 7487.19 7490.2 7492.8 7495.01 7496.82 7498.23 7499.25 7499.86 7500.06 7499.86 7499.25 7498.23 7496.82 7495.01 7492.8 7490.2 7487.19 7483.77 7479.93 
7474.18 7469.18 7463.56 7457.2 7449.98 7441.7 7432.16 7421.16 7408.86 7396.55 7388.99 7396.55 7408.86 7421.16 7432.16 7441.7 7449.98 7457.2 7463.56 7469.18 7474.18 7478.63 7482.58 7486.07 7489.13 7491.76 7493.99 7495.81 7497.22 7498.23 7498.84 7499.04 7498.84 7498.23 7497.22 7495.81 7493.99 7491.76 7489.13 7486.07 7482.58 7478.63 
7473.28 7468.12 7462.27 7455.58 7447.84 7438.72 7427.72 7414.05 7396.55 7374.33 7352.12 7374.33 7396.55 7414.05 7427.72 7438.72 7447.84 7455.58 7462.27 7468.12 7473.28 7477.83 7481.85 7485.39 7488.48 7491.13 7493.37 7495.2 7496.61 7497.63 7498.23 7498.44 7498.23 7497.63 7496.61 7495.2 7493.37 7491.13 7488.48 7485.39 7481.85 7477.83 
7472.97 7467.76 7461.83 7455.02 7447.08 7437.61 7425.95 7410.76 7388.99 7352.12 7270.93 7352.12 7388.99 7410.76 7425.95 7437.61 7447.08 7455.02 7461.83 7467.76 7472.97 7477.56 7481.61 7485.16 7488.26 7490.92 7493.16 7494.99 7496.41 7497.42 7498.03 7498.23 7498.03 7497.42 7496.41 7494.99 7493.16 7490.92 7488.26 7485.16 7481.61 7477.56 
7473.28 7468.12 7462.27 7455.58 7447.84 7438.72 7427.72 7414.05 7396.55 7374.33 7352.12 7374.33 7396.55 7414.05 7427.72 7438.72 7447.84 7455.58 7462.27 7468.12 7473.28 7477.83 7481.85 7485.39 7488.48 7491.13 7493.37 7495.2 7496.61 7497.63 7498.23 7498.44 7498.23 7497.63 7496.61 7495.2 7493.37 7491.13 7488.48 7485.39 7481.85 7477.83 
7474.18 7469.18 7463.56 7457.2 7449.98 7441.7 7432.16 7421.16 7408.86 7396.55 7388.99 7396.55 7408.86 7421.16 7432.16 7441.7 7449.98 7457.2 7463.56 7469.18 7474.18 7478.63 7482.58 7486.07 7489.13 7491.76 7493.99 7495.81 7497.22 7498.23 7498.84 7499.04 7498.84 7498.23 7497.22 7495.81 7493.99 7491.76 7489.13 7486.07 7482.58 7478.63 
7475.64 7470.87 7465.57 7459.69 7453.17 7445.95 7438.04 7429.6 7421.16 7414.05 7410.76 7414.05 7421.16 7429.6 7438.04 7445.95 7453.17 7459.69 7465.57 7470.87 7475.64 7479.93 7483.77 7487.19 7490.2 7492.8 7495.01 7496.82 7498.23 7499.25 7499.86 7500.06 7499.86 7499.25 7498.23 7496.82 7495.01 7492.8 7490.2 7487.19 7483.77 7479.93 
7477.58 7473.08 7468.16 7462.82 7457.05 7450.89 7444.47 7438.04 7432.16 7427.72 7425.95 7427.72 7432.16 7438.04 7444.47 7450.89 7457.05 7462.82 7468.16 7473.08 7477.58 7481.68 7485.39 7488.72 7491.67 7494.24 7496.43 7498.23 7499.65 7500.66 7501.27 7501.48 7501.27 7500.66 7499.65 7498.23 7496.43 7494.24 7491.67 7488.72 7485.39 7481.68 
7479.92 7475.71 7471.18 7466.37 7461.32 7456.1 7450.89 7445.95 7441.7 7438.72 7437.61 7438.72 7441.7 7445.95 7450.89 7456.1 7461.32 7466.37 7471.18 7475.71 7479.92 7483.82 7487.39 7490.62 7493.51 7496.06 7498.23 7500.04 7501.46 7502.48 7503.1 7503.31 7503.1 7502.48 7501.46 7500.04 7498.23 7496.06 7493.51 7490.62 7487.39 7483.82 
7482.59 7478.65 7474.49 7470.17 7465.74 7461.32 7457.05 7453.17 7449.98 7447.84 7447.08 7447.84 7449.98 7453.17 7457.05 7461.32 7465.74 7470.17 7474.49 7478.65 7482.59 7486.29 7489.72 7492.87 7495.71 7498.23 7500.41 7502.23 7503.67 7504.71 7505.34 7505.55 7505.34 7504.71 7503.67 7502.23 7500.41 7498.23 7495.71 7492.87 7489.72 7486.29 
7485.49 7481.8 7477.97 7474.07 7470.17 7466.37 7462.82 7459.69 7457.2 7455.58 7455.02 7455.58 7457.2 7459.69 7462.82 7466.37 7470.17 7474.07 7477.97 7481.8 7485.49 7489.02 7492.34 7495.42 7498.23 7500.76 7502.96 7504.8 7506.27 7507.34 7507.99 7508.21 7507.99 7507.34 7506.27 7504.8 7502.96 7500.76 7498.23 7495.42 7492.34 7489.02 
7488.57 7485.08 7481.52 7477.97 7474.49 7471.18 7468.16 7465.57 7463.56 7462.27 7461.83 7462.27 7463.56 7465.57 7468.16 7471.18 7474.49 7477.97 7481.52 7485.08 7488.57 7491.96 7495.19 7498.23 7501.05 7503.6 7505.85 7507.75 7509.28 7510.4 7511.08 7511.31 7511.08 7510.4 7509.28 7507.75 7505.85 7503.6 7501.05 7498.23 7495.19 7491.96 
7491.76 7488.42 7485.08 7481.8 7478.65 7475.71 7473.08 7470.87 7469.18 7468.12 7467.76 7468.12 7469.18 7470.87 7473.08 7475.71 7478.65 7481.8 7485.08 7488.42 7491.76 7495.05 7498.23 7501.28 7504.13 7506.75 7509.08 7511.08 7512.7 7513.89 7514.62 7514.87 7514.62 7513.89 7512.7 7511.08 7509.08 7506.75 7504.13 7501.28 7498.23 7495.05 
7495 7491.76 7488.57 7485.49 7482.59 7479.92 7477.58 7475.64 7474.18 7473.28 7472.97 7473.28 7474.18 7475.64 7477.58 7479.92 7482.59 7485.49 7488.57 7491.76 7495 7498.23 7501.42 7504.51 7507.45 7510.19 7512.65 7514.8 7516.55 7517.85 7518.65 7518.92 7518.65 7517.85 7516.55 7514.8 7512.65 7510.19 7507.45 7504.51 7501.42 7498.23 
7498.23 7495.05 7491.96 7489.02 7486.29 7483.82 7481.68 7479.93 7478.63 7477.83 7477.56 7477.83 7478.63 7479.93 7481.68 7483.82 7486.29 7489.02 7491.96 7495.05 7498.23 7501.47 7504.71 7507.9 7510.98 7513.89 7516.55 7518.9 7520.84 7522.3 7523.21 7523.52 7523.21 7522.3 7520.84 7518.9 7516.55 7513.89 7510.98 7507.9 7504.71 7501.47 
7501.42 7498.23 7495.19 7492.34 7489.72 7487.39 7485.39 7483.77 7482.58 7481.85 7481.61 7481.85 7482.58 7483.77 7485.39 7487.39 7489.72 7492.34 7495.19 7498.23 7501.42 7504.71 7508.05 7511.4 7514.68 7517.83 7520.77 7523.41 7525.62 7527.31 7528.37 7528.73 7528.37 7527.31 7525.62 7523.41 7520.77 7517.83 7514.68 7511.4 7508.05 7504.71 
7504.51 7501.28 7498.23 7495.42 7492.87 7490.62 7488.72 7487.19 7486.07 7485.39 7485.16 7485.39 7486.07 7487.19 7488.72 7490.62 7492.87 7495.42 7498.23 7501.28 7504.51 7507.9 7511.4 7514.95 7518.51 7521.99 7525.3 7528.33 7530.93 7532.95 7534.23 7534.67 7534.23 7532.95 7530.93 7528.33 7525.3 7521.99 7518.51 7514.95 7511.4 7507.9 
7507.45 7504.13 7501.05 7498.23 7495.71 7493.51 7491.67 7490.2 7489.13 7488.48 7488.26 7488.48 7489.13 7490.2 7491.67 7493.51 7495.71 7498.23 7501.05 7504.13 7507.45 7510.98 7514.68 7518.51 7522.41 7526.32 7530.13 7533.69 7536.82 7539.32 7540.94 7541.5 7540.94 7539.32 7536.82 7533.69 7530.13 7526.32 7522.41 7518.51 7514.68 7510.98 
7510.19 7506.75 7503.6 7500.76 7498.23 7496.06 7494.24 7492.8 7491.76 7491.13 7490.92 7491.13 7491.76 7492.8 7494.24 7496.06 7498.23 7500.76 7503.6 7506.75 7510.19 7513.89 7517.83 7521.99 7526.32 7530.76 7535.19 7539.47 7543.36 7546.56 7548.7 7549.47 7548.7 7546.56 7543.36 7539.47 7535.19 7530.76 7526.32 7521.99 7517.83 7513.89 
7512.65 7509.08 7505.85 7502.96 7500.41 7498.23 7496.43 7495.01 7493.99 7493.37 7493.16 7493.37 7493.99 7495.01 7496.43 7498.23 7500.41 7502.96 7505.85 7509.08 7512.65 7516.55 7520.77 7525.3 7530.13 7535.19 7540.41 7545.64 7550.6 7554.86 7557.85 7558.96 7557.85 7554.86 7550.6 7545.64 7540.41 7535.19 7530.13 7525.3 7520.77 7516.55 
7514.8 7511.08 7507.75 7504.8 7502.23 7500.04 7498.23 7496.82 7495.81 7495.2 7494.99 7495.2 7495.81 7496.82 7498.23 7500.04 7502.23 7504.8 7507.75 7511.08 7514.8 7518.9 7523.41 7528.33 7533.69 7539.47 7545.64 7552.08 7558.53 7564.44 7568.9 7570.67 7568.9 7564.44 7558.53 7552.08 7545.64 7539.47 7533.69 7528.33 7523.41 7518.9 
7516.55 7512.7 7509.28 7506.27 7503.67 7501.46 7499.65 7498.23 7497.22 7496.61 7496.41 7496.61 7497.22 7498.23 7499.65 7501.46 7503.67 7506.27 7509.28 7512.7 7516.55 7520.84 7525.62 7530.93 7536.82 7543.36 7550.6 7558.53 7567 7575.48 7582.63 7585.93 7582.63 7575.48 7567 7558.53 7550.6 7543.36 7536.82 7530.93 7525.62 7520.84 
7517.85 7513.89 7510.4 7507.34 7504.71 7502.48 7500.66 7499.25 7498.23 7497.63 7497.42 7497.63 7498.23 7499.25 7500.66 7502.48 7504.71 7507.34 7510.4 7513.89 7517.85 7522.3 7527.31 7532.95 7539.32 7546.56 7554.86 7564.44 7575.48 7587.84 7600.22 7607.83 7600.22 7587.84 7575.48 7564.44 7554.86 7546.56 7539.32 7532.95 7527.31 7522.3 
7518.65 7514.62 7511.08 7507.99 7505.34 7503.1 7501.27 7499.86 7498.84 7498.23 7498.03 7498.23 7498.84 7499.86 7501.27 7503.1 7505.34 7507.99 7511.08 7514.62 7518.65 7523.21 7528.37 7534.23 7540.94 7548.7 7557.85 7568.9 7582.63 7600.22 7622.59 7644.97 7622.59 7600.22 7582.63 7568.9 7557.85 7548.7 7540.94 7534.23 7528.37 7523.21 
7518.92 7514.87 7511.31 7508.21 7505.55 7503.31 7501.48 7500.06 7499.04 7498.44 7498.23 7498.44 7499.04 7500.06 7501.48 7503.31 7505.55 7508.21 7511.31 7514.87 7518.92 7523.52 7528.73 7534.67 7541.5 7549.47 7558.96 7570.67 7585.93 7607.83 7644.97 7727.05 7644.97 7607.83 7585.93 7570.67 7558.96 7549.47 7541.5 7534.67 7528.73 7523.52 
7518.65 7514.62 7511.08 7507.99 7505.34 7503.1 7501.27 7499.86 7498.84 7498.23 7498.03 7498.23 7498.84 7499.86 7501.27 7503.1 7505.34 7507.99 7511.08 7514.62 7518.65 7523.21 7528.37 7534.23 7540.94 7548.7 7557.85 7568.9 7582.63 7600.22 7622.59 7644.97 7622.59 7600.22 7582.63 7568.9 7557.85 7548.7 7540.94 7534.23 7528.37 7523.21 
7517.85 7513.89 7510.4 7507.34 7504.71 7502.48 7500.66 7499.25 7498.23 7497.63 7497.42 7497.63 7498.23 7499.25 7500.66 7502.48 7504.71 7507.34 7510.4 7513.89 7517.85 7522.3 7527.31 7532.95 7539.32 7546.56 7554.86 7564.44 7575.48 7587.84 7600.22 7607.83 7600.22 7587.84 7575.48 7564.44 7554.86 7546.56 7539.32 7532.95 7527.31 7522.3 
7516.55 7512.7 7509.28 7506.27 7503.67 7501.46 7499.65 7498.23 7497.22 7496.61 7496.41 7496.61 7497.22 7498.23 7499.65 7501.46 7503.67 7506.27 7509.28 7512.7 7516.55 7520.84 7525.62 7530.93 7536.82 7543.36 7550.6 7558.53 7567 7575.48 7582.63 7585.93 7582.63 7575.48 7567 7558.53 7550.6 7543.36 7536.82 7530.93 7525.62 7520.84 
7514.8 7511.08 7507.75 7504.8 7502.23 7500.04 7498.23 7496.82 7495.81 7495.2 7494.99 7495.2 7495.81 7496.82 7498.23 7500.04 7502.23 7504.8 7507.75 7511.08 7514.8 7518.9 7523.41 7528.33 7533.69 7539.47 7545.64 7552.08 7558.53 7564.44 7568.9 7570.67 7568.9 7564.44 7558.53 7552.08 7545.64 7539.47 7533.69 7528.33 7523.41 7518.9 
7512.65 7509.08 7505.85 7502.96 7500.41 7498.23 7496.43 7495.01 7493.99 7493.37 7493.16 7493.37 7493.99 7495.01 7496.43 7498.23 7500.41 7502.96 7505.85 7509.08 7512.65 7516.55 7520.77 7525.3 7530.13 7535.19 7540.41 7545.64 7550.6 7554.86 7557.85 7558.96 7557.85 7554.86 7550.6 7545.64 7540.41 7535.19 7530.13 7525.3 7520.77 7516.55 
7510.19 7506.75 7503.6 7500.76 7498.23 7496.06 7494.24 7492.8 7491.76 7491.13 7490.92 7491.13 7491.76 7492.8 7494.24 7496.06 7498.23 7500.76 7503.6 7506.75 7510.19 7513.89 7517.83 7521.99 7526.32 7530.76 7535.19 7539.47 7543.36 7546.56 7548.7 7549.47 7548.7 7546.56 7543.36 7539.47 7535.19 7530.76 7526.32 7521.99 7517.83 7513.89 
7507.45 7504.13 7501.05 7498.23 7495.71 7493.51 7491.67 7490.2 7489.13 7488.48 7488.26 7488.48 7489.13 7490.2 7491.67 7493.51 7495.71 7498.23 7501.05 7504.13 7507.45 7510.98 7514.68 7518.51 7522.41 7526.32 7530.13 7533.69 7536.82 7539.32 7540.94 7541.5 7540.94 7539.32 7536.82 7533.69 7530.13 7526.32 7522.41 7518.51 7514.68 7510.98 
7504.51 7501.28 7498.23 7495.42 7492.87 7490.62 7488.72 7487.19 7486.07 7485.39 7485.16 7485.39 7486.07 7487.19 7488.72 7490.62 7492.87 7495.42 7498.23 7501.28 7504.51 7507.9 7511.4 7514.95 7518.51 7521.99 7525.3 7528.33 7530.93 7532.95 7534.23 7534.67 7534.23 7532.95 7530.93 7528.33 7525.3 7521.99 7518.51 7514.95 7511.4 7507.9 
7501.42 7498.23 7495.19 7492.34 7489.72 7487.39 7485.39 7483.77 7482.58 7481.85 7481.61 7481.85 7482.58 7483.77 7485.39 7487.39 7489.72 7492.34 7495.19 7498.23 7501.42 7504.71 7508.05 7511.4 7514.68 7517.83 7520.77 7523.41 7525.62 7527.31 7528.37 7528.73 7528.37 7527.31 7525.62 7523.41 7520.77 7517.83 7514.68 7511.4 7508.05 7504.71 
7498.23 7495.05 7491.96 7489.02 7486.29 7483.82 7481.68 7479.93 7478.63 7477.83 7477.56 7477.83 7478.63 7479.93 7481.68 7483.82 7486.29 7489.02 7491.96 7495.05 7498.23 7501.47 7504.71 7507.9 7510.98 7513.89 7516.55 7518.9 7520.84 7522.3 7523.21 7523.52 7523.21 7522.3 7520.84 7518.9 7516.55 7513.89 7510.98 7507.9 7504.71 7501.47 
