7495.07 7491.9 7488.78 7485.77 7482.92 7480.31 7478.01 7476.11 7474.67 7473.78 7473.48 7473.78 7474.67 7476.11 7478.01 7480.31 7482.92 7485.77 7488.78 7491.9 7495.07 7498.23 7501.35 7504.38 7507.25 7509.93 7512.34 7514.44 7516.15 7517.43 7518.22 7518.48 7518.22 7517.43 7516.15 7514.44 7512.34 7509.93 7507.25 7504.38 7501.35 7498.23 
7491.9 7488.63 7485.36 7482.14 7479.05 7476.16 7473.58 7471.4 7469.74 7468.7 7468.34 7468.7 7469.74 7471.4 7473.58 7476.16 7479.05 7482.14 7485.36 7488.63 7491.9 7495.12 7498.24 7501.21 7504 7506.56 7508.84 7510.8 7512.38 7513.54 7514.26 7514.5 7514.26 7513.54 7512.38 7510.8 7508.84 7506.56 7504 7501.21 7498.24 7495.12 
7488.78 7485.36 7481.87 7478.38 7474.96 7471.71 7468.73 7466.17 7464.18 7462.92 7462.48 7462.92 7464.18 7466.17 7468.73 7471.71 7474.96 7478.38 7481.87 7485.36 7488.78 7492.09 7495.26 7498.24 7500.99 7503.48 7505.67 7507.54 7509.03 7510.12 7510.79 7511.01 7510.79 7510.12 7509.03 7507.54 7505.67 7503.48 7500.99 7498.24 7495.26 7492.09 
7485.77 7482.14 7478.38 7474.55 7470.7 7466.96 7463.45 7460.35 7457.89 7456.29 7455.73 7456.29 7457.89 7460.35 7463.45 7466.96 7470.7 7474.55 7478.38 7482.14 7485.77 7489.22 7492.47 7495.48 7498.24 7500.7 7502.85 7504.65 7506.08 7507.13 7507.76 7507.97 7507.76 7507.13 7506.08 7504.65 7502.85 7500.7 7498.24 7495.48 7492.47 7489.22 
7482.92 7479.05 7474.96 7470.7 7466.34 7461.96 7457.74 7453.89 7450.73 7448.6 7447.85 7448.6 7450.73 7453.89 7457.74 7461.96 7466.34 7470.7 7474.96 7479.05 7482.92 7486.55 7489.91 7492.99 7495.77 7498.24 7500.36 7502.14 7503.54 7504.55 7505.16 7505.37 7505.16 7504.55 7503.54 7502.14 7500.36 7498.24 7495.77 7492.99 7489.91 7486.55 
7480.31 7476.16 7471.71 7466.96 7461.96 7456.8 7451.63 7446.73 7442.5 7439.53 7438.44 7439.53 7442.5 7446.73 7451.63 7456.8 7461.96 7466.96 7471.71 7476.16 7480.31 7484.13 7487.63 7490.8 7493.63 7496.11 7498.24 7500 7501.38 7502.38 7502.98 7503.18 7502.98 7502.38 7501.38 7500 7498.24 7496.11 7493.63 7490.8 7487.63 7484.13 
7478.01 7473.58 7468.73 7463.45 7457.74 7451.63 7445.25 7438.86 7433 7428.58 7426.82 7428.58 7433 7438.86 7445.25 7451.63 7457.74 7463.45 7468.73 7473.58 7478.01 7482.04 7485.68 7488.94 7491.82 7494.34 7496.47 7498.24 7499.61 7500.6 7501.2 7501.4 7501.2 7500.6 7499.61 7498.24 7496.47 7494.34 7491.82 7488.94 7485.68 7482.04 
7476.11 7471.4 7466.17 7460.35 7453.89 7446.73 7438.86 7430.46 7422.04 7414.94 7411.66 7414.94 7422.04 7430.46 7438.86 7446.73 7453.89 7460.35 7466.17 7471.4 7476.11 7480.33 7484.1 7487.45 7490.39 7492.93 7495.09 7496.86 7498.24 7499.22 7499.81 7500.01 7499.81 7499.22 7498.24 7496.86 7495.09 7492.93 7490.39 7487.45 7484.1 7480.33 
7474.67 7469.74 7464.18 7457.89 7450.73 7442.5 7433 7422.04 7409.76 7397.47 7389.91 7397.47 7409.76 7422.04 7433 7442.5 7450.73 7457.89 7464.18 7469.74 7474.67 7479.05 7482.93 7486.36 7489.35 7491.92 7494.09 7495.87 7497.25 7498.24 7498.83 7499.02 7498.83 7498.24 7497.25 7495.87 7494.09 7491.92 7489.35 7486.36 7482.93 7479.05 
7473.78 7468.7 7462.92 7456.29 7448.6 7439.53 7428.58 7414.94 7397.47 7375.26 7353.06 7375.26 7397.47 7414.94 7428.58 7439.53 7448.6 7456.29 7462.92 7468.7 7473.78 7478.27 7482.22 7485.69 7488.71 7491.31 7493.49 7495.27 7496.66 7497.64 7498.24 7498.43 7498.24 7497.64 7496.66 7495.27 7493.49 7491.31 7488.71 7485.69 7482.22 7478.27 
7473.48 7468.34 7462.48 7455.73 7447.85 7438.44 7426.82 7411.66 7389.91 7353.06 7271.88 7353.06 7389.91 7411.66 7426.82 7438.44 7447.85 7455.73 7462.48 7468.34 7473.48 7478 7481.98 7485.47 7488.5 7491.1 7493.29 7495.08 7496.46 7497.45 7498.04 7498.24 7498.04 7497.45 7496.46 7495.08 7493.29 7491.1 7488.5 7485.47 7481.98 7478 
7473.78 7468.7 7462.92 7456.29 7448.6 7439.53 7428.58 7414.94 7397.47 7375.26 7353.06 7375.26 7397.47 7414.94 7428.58 7439.53 7448.6 7456.29 7462.92 7468.7 7473.78 7478.27 7482.22 7485.69 7488.71 7491.31 7493.49 7495.27 7496.66 7497.64 7498.24 7498.43 7498.24 7497.64 7496.66 7495.27 7493.49 7491.31 7488.71 7485.69 7482.22 7478.27 
7474.67 7469.74 7464.18 7457.89 7450.73 7442.5 7433 7422.04 7409.76 7397.47 7389.91 7397.47 7409.76 7422.04 7433 7442.5 7450.73 7457.89 7464.18 7469.74 7474.67 7479.05 7482.93 7486.36 7489.35 7491.92 7494.09 7495.87 7497.25 7498.24 7498.83 7499.02 7498.83 7498.24 7497.25 7495.87 7494.09 7491.92 7489.35 7486.36 7482.93 7479.05 
7476.11 7471.4 7466.17 7460.35 7453.89 7446.73 7438.86 7430.46 7422.04 7414.94 7411.66 7414.94 7422.04 7430.46 7438.86 7446.73 7453.89 7460.35 7466.17 7471.4 7476.11 7480.33 7484.1 7487.45 7490.39 7492.93 7495.09 7496.86 7498.24 7499.22 7499.81 7500.01 7499.81 7499.22 7498.24 7496.86 7495.09 7492.93 7490.39 7487.45 7484.1 7480.33 
7478.01 7473.58 7468.73 7463.45 7457.74 7451.63 7445.25 7438.86 7433 7428.58 7426.82 7428.58 7433 7438.86 7445.25 7451.63 7457.74 7463.45 7468.73 7473.58 7478.01 7482.04 7485.68 7488.94 7491.82 7494.34 7496.47 7498.24 7499.61 7500.6 7501.2 7501.4 7501.2 7500.6 7499.61 7498.24 7496.47 7494.34 7491.82 7488.94 7485.68 7482.04 
7480.31 7476.16 7471.71 7466.96 7461.96 7456.8 7451.63 7446.73 7442.5 7439.53 7438.44 7439.53 7442.5 7446.73 7451.63 7456.8 7461.96 7466.96 7471.71 7476.16 7480.31 7484.13 7487.63 7490.8 7493.63 7496.11 7498.24 7500 7501.38 7502.38 7502.98 7503.18 7502.98 7502.38 7501.38 7500 7498.24 7496.11 7493.63 7490.8 7487.63 7484.13 
7482.92 7479.05 7474.96 7470.7 7466.34 7461.96 7457.74 7453.89 7450.73 7448.6 7447.85 7448.6 7450.73 7453.89 7457.74 7461.96 7466.34 7470.7 7474.96 7479.05 7482.92 7486.55 7489.91 7492.99 7495.77 7498.24 7500.36 7502.14 7503.54 7504.55 7505.16 7505.37 7505.16 7504.55 7503.54 7502.14 7500.36 7498.24 7495.77 7492.99 7489.91 7486.55 
7485.77 7482.14 7478.38 7474.55 7470.7 7466.96 7463.45 7460.35 7457.89 7456.29 7455.73 7456.29 7457.89 7460.35 7463.45 7466.96 7470.7 7474.55 7478.38 7482.14 7485.77 7489.22 7492.47 7495.48 7498.24 7500.7 7502.85 7504.65 7506.08 7507.13 7507.76 7507.97 7507.76 7507.13 7506.08 7504.65 7502.85 7500.7 7498.24 7495.48 7492.47 7489.22 
7488.78 7485.36 7481.87 7478.38 7474.96 7471.71 7468.73 7466.17 7464.18 7462.92 7462.48 7462.92 7464.18 7466.17 7468.73 7471.71 7474.96 7478.38 7481.87 7485.36 7488.78 7492.09 7495.26 7498.24 7500.99 7503.48 7505.67 7507.54 7509.03 7510.12 7510.79 7511.01 7510.79 7510.12 7509.03 7507.54 7505.67 7503.48 7500.99 7498.24 7495.26 7492.09 
7491.9 7488.63 7485.36 7482.14 7479.05 7476.16 7473.58 7471.4 7469.74 7468.7 7468.34 7468.7 7469.74 7471.4 7473.58 7476.16 7479.05 7482.14 7485.36 7488.63 7491.9 7495.12 7498.24 7501.21 7504 7506.56 7508.84 7510.8 7512.38 7513.54 7514.26 7514.5 7514.26 7513.54 7512.38 7510.8 7508.84 7506.56 7504 7501.21 7498.24 7495.12 
7495.07 7491.9 7488.78 7485.77 7482.92 7480.31 7478.01 7476.11 7474.67 7473.78 7473.48 7473.78 7474.67 7476.11 7478.01 7480.31 7482.92 7485.77 7488.78 7491.9 7495.07 7498.23 7501.35 7504.38 7507.25 7509.93 7512.34 7514.44 7516.15 7517.43 7518.22 7518.48 7518.22 7517.43 7516.15 7514.44 7512.34 7509.93 7507.25 7504.38 7501.35 7498.23 
7498.23 7495.12 7492.09 7489.22 7486.55 7484.13 7482.04 7480.33 7479.05 7478.27 7478 7478.27 7479.05 7480.33 7482.04 7484.13 7486.55 7489.22 7492.09 7495.12 7498.23 7501.4 7504.57 7507.69 7510.71 7513.56 7516.17 7518.47 7520.38 7521.81 7522.7 7523.01 7522.7 7521.81 7520.38 7518.47 7516.17 7513.56 7510.71 7507.69 7504.57 7501.4 
7501.35 7498.24 7495.26 7492.47 7489.91 7487.63 7485.68 7484.1 7482.93 7482.22 7481.98 7482.22 7482.93 7484.1 7485.68 7487.63 7489.91 7492.47 7495.26 7498.24 7501.35 7504.57 7507.84 7511.12 7514.34 7517.43 7520.32 7522.91 7525.09 7526.75 7527.79 7528.15 7527.79 7526.75 7525.09 7522.91 7520.32 7517.43 7514.34 7511.12 7507.84 7504.57 
7504.38 7501.21 7498.24 7495.48 7492.99 7490.8 7488.94 7487.45 7486.36 7485.69 7485.47 7485.69 7486.36 7487.45 7488.94 7490.8 7492.99 7495.48 7498.24 7501.21 7504.38 7507.69 7511.12 7514.61 7518.1 7521.52 7524.78 7527.76 7530.33 7532.32 7533.59 7534.02 7533.59 7532.32 7530.33 7527.76 7524.78 7521.52 7518.1 7514.61 7511.12 7507.69 
7507.25 7504 7500.99 7498.24 7495.77 7493.63 7491.82 7490.39 7489.35 7488.71 7488.5 7488.71 7489.35 7490.39 7491.82 7493.63 7495.77 7498.24 7500.99 7504 7507.25 7510.71 7514.34 7518.1 7521.94 7525.79 7529.54 7533.06 7536.16 7538.62 7540.23 7540.79 7540.23 7538.62 7536.16 7533.06 7529.54 7525.79 7521.94 7518.1 7514.34 7510.71 
7509.93 7506.56 7503.48 7500.7 7498.24 7496.11 7494.34 7492.93 7491.92 7491.31 7491.1 7491.31 7491.92 7492.93 7494.34 7496.11 7498.24 7500.7 7503.48 7506.56 7509.93 7513.56 7517.43 7521.52 7525.79 7530.16 7534.54 7538.78 7542.64 7545.81 7547.94 7548.69 7547.94 7545.81 7542.64 7538.78 7534.54 7530.16 7525.79 7521.52 7517.43 7513.56 
7512.34 7508.84 7505.67 7502.85 7500.36 7498.24 7496.47 7495.09 7494.09 7493.49 7493.29 7493.49 7494.09 7495.09 7496.47 7498.24 7500.36 7502.85 7505.67 7508.84 7512.34 7516.17 7520.32 7524.78 7529.54 7534.54 7539.72 7544.9 7549.82 7554.06 7557.03 7558.13 7557.03 7554.06 7549.82 7544.9 7539.72 7534.54 7529.54 7524.78 7520.32 7516.17 
7514.44 7510.8 7507.54 7504.65 7502.14 7500 7498.24 7496.86 7495.87 7495.27 7495.08 7495.27 7495.87 7496.86 7498.24 7500 7502.14 7504.65 7507.54 7510.8 7514.44 7518.47 7522.91 7527.76 7533.06 7538.78 7544.9 7551.3 7557.71 7563.59 7568.03 7569.8 7568.03 7563.59 7557.71 7551.3 7544.9 7538.78 7533.06 7527.76 7522.91 7518.47 
7516.15 7512.38 7509.03 7506.08 7503.54 7501.38 7499.61 7498.24 7497.25 7496.66 7496.46 7496.66 7497.25 7498.24 7499.61 7501.38 7503.54 7506.08 7509.03 7512.38 7516.15 7520.38 7525.09 7530.33 7536.16 7542.64 7549.82 7557.71 7566.14 7574.59 7581.73 7585.03 7581.73 7574.59 7566.14 7557.71 7549.82 7542.64 7536.16 7530.33 7525.09 7520.38 
7517.43 7513.54 7510.12 7507.13 7504.55 7502.38 7500.6 7499.22 7498.24 7497.64 7497.45 7497.64 7498.24 7499.22 7500.6 7502.38 7504.55 7507.13 7510.12 7513.54 7517.43 7521.81 7526.75 7532.32 7538.62 7545.81 7554.06 7563.59 7574.59 7586.93 7599.29 7606.89 7599.29 7586.93 7574.59 7563.59 7554.06 7545.81 7538.62 7532.32 7526.75 7521.81 
7518.22 7514.26 7510.79 7507.76 7505.16 7502.98 7501.2 7499.81 7498.83 7498.24 7498.04 7498.24 7498.83 7499.81 7501.2 7502.98 7505.16 7507.76 7510.79 7514.26 7518.22 7522.7 7527.79 7533.59 7540.23 7547.94 7557.03 7568.03 7581.73 7599.29 7621.64 7644.02 7621.64 7599.29 7581.73 7568.03 7557.03 7547.94 7540.23 7533.59 7527.79 7522.7 
7518.48 7514.5 7511.01 7507.97 7505.37 7503.18 7501.4 7500.01 7499.02 7498.43 7498.24 7498.43 7499.02 7500.01 7501.4 7503.18 7505.37 7507.97 7511.01 7514.5 7518.48 7523.01 7528.15 7534.02 7540.79 7548.69 7558.13 7569.8 7585.03 7606.89 7644.02 7726.09 7644.02 7606.89 7585.03 7569.8 7558.13 7548.69 7540.79 7534.02 7528.15 7523.01 
7518.22 7514.26 7510.79 7507.76 7505.16 7502.98 7501.2 7499.81 7498.83 7498.24 7498.04 7498.24 7498.83 7499.81 7501.2 7502.98 7505.16 7507.76 7510.79 7514.26 7518.22 7522.7 7527.79 7533.59 7540.23 7547.94 7557.03 7568.03 7581.73 7599.29 7621.64 7644.02 7621.64 7599.29 7581.73 7568.03 7557.03 7547.94 7540.23 7533.59 7527.79 7522.7 
7517.43 7513.54 7510.12 7507.13 7504.55 7502.38 7500.6 7499.22 7498.24 7497.64 7497.45 7497.64 7498.24 7499.22 7500.6 7502.38 7504.55 7507.13 7510.12 7513.54 7517.43 7521.81 7526.75 7532.32 7538.62 7545.81 7554.06 7563.59 7574.59 7586.93 7599.29 7606.89 7599.29 7586.93 7574.59 7563.59 7554.06 7545.81 7538.62 7532.32 7526.75 7521.81 
7516.15 7512.38 7509.03 7506.08 7503.54 7501.38 7499.61 7498.24 7497.25 7496.66 7496.46 7496.66 7497.25 7498.24 7499.61 7501.38 7503.54 7506.08 7509.03 7512.38 7516.15 7520.38 7525.09 7530.33 7536.16 7542.64 7549.82 7557.71 7566.14 7574.59 7581.73 7585.03 7581.73 7574.59 7566.14 7557.71 7549.82 7542.64 7536.16 7530.33 7525.09 7520.38 
7514.44 7510.8 7507.54 7504.65 7502.14 7500 7498.24 7496.86 7495.87 7495.27 7495.08 7495.27 7495.87 7496.86 7498.24 7500 7502.14 7504.65 7507.54 7510.8 7514.44 7518.47 7522.91 7527.76 7533.06 7538.78 7544.9 7551.3 7557.71 7563.59 7568.03 7569.8 7568.03 7563.59 7557.71 7551.3 7544.9 7538.78 7533.06 7527.76 7522.91 7518.47 
7512.34 7508.84 7505.67 7502.85 7500.36 7498.24 7496.47 7495.09 7494.09 7493.49 7493.29 7493.49 7494.09 7495.09 7496.47 7498.24 7500.36 7502.85 7505.67 7508.84 7512.34 7516.17 7520.32 7524.78 7529.54 7534.54 7539.72 7544.9 7549.82 7554.06 7557.03 7558.13 7557.03 7554.06 7549.82 7544.9 7539.72 7534.54 7529.54 7524.78 7520.32 7516.17 
7509.93 7506.56 7503.48 7500.7 7498.24 7496.11 7494.34 7492.93 7491.92 7491.31 7491.1 7491.31 7491.92 7492.93 7494.34 7496.11 7498.24 7500.7 7503.48 7506.56 7509.93 7513.56 7517.43 7521.52 7525.79 7530.16 7534.54 7538.78 7542.64 7545.81 7547.94 7548.69 7547.94 7545.81 7542.64 7538.78 7534.54 7530.16 7525.79 7521.52 7517.43 7513.56 
7507.25 7504 7500.99 7498.24 7495.77 7493.63 7491.82 7490.39 7489.35 7488.71 7488.5 7488.71 7489.35 7490.39 7491.82 7493.63 7495.77 7498.24 7500.99 7504 7507.25 7510.71 7514.34 7518.1 7521.94 7525.79 7529.54 7533.06 7536.16 7538.62 7540.23 7540.79 7540.23 7538.62 7536.16 7533.06 7529.54 7525.79 7521.94 7518.1 7514.34 7510.71 
7504.38 7501.21 7498.24 7495.48 7492.99 7490.8 7488.94 7487.45 7486.36 7485.69 7485.47 7485.69 7486.36 7487.45 7488.94 7490.8 7492.99 7495.48 7498.24 7501.21 7504.38 7507.69 7511.12 7514.61 7518.1 7521.52 7524.78 7527.76 7530.33 7532.32 7533.59 7534.02 7533.59 7532.32 7530.33 7527.76 7524.78 7521.52 7518.1 7514.61 7511.12 7507.69 
7501.35 7498.24 7495.26 7492.47 7489.91 7487.63 7485.68 7484.1 7482.93 7482.22 7481.98 7482.22 7482.93 7484.1 7485.68 7487.63 7489.91 7492.47 7495.26 7498.24 7501.35 7504.57 7507.84 7511.12 7514.34 7517.43 7520.32 7522.91 7525.09 7526.75 7527.79 7528.15 7527.79 7526.75 7525.09 7522.91 7520.32 7517.43 7514.34 7511.12 7507.84 7504.57 
7498.23 7495.12 7492.09 7489.22 7486.55 7484.13 7482.04 7480.33 7479.05 7478.27 7478 7478.27 7479.05 7480.33 7482.04 7484.13 7486.55 7489.22 7492.09 7495.12 7498.23 7501.4 7504.57 7507.69 7510.71 7513.56 7516.17 7518.47 7520.38 7521.81 7522.7 7523.01 7522.7 7521.81 7520.38 7518.47 7516.17 7513.56 7510.71 7507.69 7504.57 7501.4 
