7495.06 7491.88 7488.75 7485.72 7482.87 7480.25 7477.94 7476.03 7474.59 7473.7 7473.4 7473.7 7474.59 7476.03 7477.94 7480.25 7482.87 7485.72 7488.75 7491.88 7495.06 7498.23 7501.37 7504.4 7507.28 7509.97 7512.39 7514.5 7516.22 7517.5 7518.29 7518.55 7518.29 7517.5 7516.22 7514.5 7512.39 7509.97 7507.28 7504.4 7501.37 7498.23 
7491.88 7488.6 7485.31 7482.09 7478.98 7476.09 7473.5 7471.32 7469.65 7468.61 7468.25 7468.61 7469.65 7471.32 7473.5 7476.09 7478.98 7482.09 7485.31 7488.6 7491.88 7495.1 7498.23 7501.22 7504.02 7506.59 7508.88 7510.84 7512.43 7513.6 7514.32 7514.56 7514.32 7513.6 7512.43 7510.84 7508.88 7506.59 7504.02 7501.22 7498.23 7495.1 
7488.75 7485.31 7481.82 7478.32 7474.89 7471.62 7468.64 7466.07 7464.08 7462.81 7462.38 7462.81 7464.08 7466.07 7468.64 7471.62 7474.89 7478.32 7481.82 7485.31 7488.75 7492.07 7495.25 7498.23 7501 7503.5 7505.7 7507.57 7509.07 7510.16 7510.83 7511.06 7510.83 7510.16 7509.07 7507.57 7505.7 7503.5 7501 7498.23 7495.25 7492.07 
7485.72 7482.09 7478.32 7474.47 7470.62 7466.86 7463.35 7460.25 7457.78 7456.18 7455.62 7456.18 7457.78 7460.25 7463.35 7466.86 7470.62 7474.47 7478.32 7482.09 7485.72 7489.19 7492.45 7495.47 7498.24 7500.71 7502.86 7504.67 7506.11 7507.16 7507.8 7508.01 7507.8 7507.16 7506.11 7504.67 7502.86 7500.71 7498.24 7495.47 7492.45 7489.19 
7482.87 7478.98 7474.89 7470.62 7466.24 7461.86 7457.63 7453.77 7450.6 7448.48 7447.72 7448.48 7450.6 7453.77 7457.63 7461.86 7466.24 7470.62 7474.89 7478.98 7482.87 7486.51 7489.88 7492.97 7495.76 7498.24 7500.37 7502.15 7503.56 7504.58 7505.19 7505.4 7505.19 7504.58 7503.56 7502.15 7500.37 7498.24 7495.76 7492.97 7489.88 7486.51 
7480.25 7476.09 7471.62 7466.86 7461.86 7456.69 7451.51 7446.6 7442.37 7439.4 7438.3 7439.4 7442.37 7446.6 7451.51 7456.69 7461.86 7466.86 7471.62 7476.09 7480.25 7484.08 7487.59 7490.77 7493.61 7496.1 7498.24 7500 7501.39 7502.39 7503 7503.2 7503 7502.39 7501.39 7500 7498.24 7496.1 7493.61 7490.77 7487.59 7484.08 
7477.94 7473.5 7468.64 7463.35 7457.63 7451.51 7445.13 7438.73 7432.86 7428.44 7426.68 7428.44 7432.86 7438.73 7445.13 7451.51 7457.63 7463.35 7468.64 7473.5 7477.94 7481.98 7485.63 7488.9 7491.8 7494.32 7496.47 7498.24 7499.62 7500.61 7501.21 7501.41 7501.21 7500.61 7499.62 7498.24 7496.47 7494.32 7491.8 7488.9 7485.63 7481.98 
7476.03 7471.32 7466.07 7460.25 7453.77 7446.6 7438.73 7430.32 7421.9 7414.8 7411.51 7414.8 7421.9 7430.32 7438.73 7446.6 7453.77 7460.25 7466.07 7471.32 7476.03 7480.26 7484.05 7487.4 7490.36 7492.91 7495.08 7496.85 7498.24 7499.23 7499.82 7500.02 7499.82 7499.23 7498.24 7496.85 7495.08 7492.91 7490.36 7487.4 7484.05 7480.26 
7474.59 7469.65 7464.08 7457.78 7450.6 7442.37 7432.86 7421.9 7409.62 7397.32 7389.77 7397.32 7409.62 7421.9 7432.86 7442.37 7450.6 7457.78 7464.08 7469.65 7474.59 7478.98 7482.88 7486.31 7489.31 7491.9 7494.08 7495.86 7497.25 7498.24 7498.83 7499.03 7498.83 7498.24 7497.25 7495.86 7494.08 7491.9 7489.31 7486.31 7482.88 7478.98 
7473.7 7468.61 7462.81 7456.18 7448.48 7439.4 7428.44 7414.8 7397.32 7375.11 7352.91 7375.11 7397.32 7414.8 7428.44 7439.4 7448.48 7456.18 7462.81 7468.61 7473.7 7478.2 7482.16 7485.64 7488.67 7491.28 7493.47 7495.26 7496.65 7497.64 7498.24 7498.43 7498.24 7497.64 7496.65 7495.26 7493.47 7491.28 7488.67 7485.64 7482.16 7478.2 
7473.4 7468.25 7462.38 7455.62 7447.72 7438.3 7426.68 7411.51 7389.77 7352.91 7271.72 7352.91 7389.77 7411.51 7426.68 7438.3 7447.72 7455.62 7462.38 7468.25 7473.4 7477.93 7481.92 7485.42 7488.46 7491.07 7493.27 7495.06 7496.45 7497.44 7498.04 7498.24 7498.04 7497.44 7496.45 7495.06 7493.27 7491.07 7488.46 7485.42 7481.92 7477.93 
7473.7 7468.61 7462.81 7456.18 7448.48 7439.4 7428.44 7414.8 7397.32 7375.11 7352.91 7375.11 7397.32 7414.8 7428.44 7439.4 7448.48 7456.18 7462.81 7468.61 7473.7 7478.2 7482.16 7485.64 7488.67 7491.28 7493.47 7495.26 7496.65 7497.64 7498.24 7498.43 7498.24 7497.64 7496.65 7495.26 7493.47 7491.28 7488.67 7485.64 7482.16 7478.2 
7474.59 7469.65 7464.08 7457.78 7450.6 7442.37 7432.86 7421.9 7409.62 7397.32 7389.77 7397.32 7409.62 7421.9 7432.86 7442.37 7450.6 7457.78 7464.08 7469.65 7474.59 7478.98 7482.88 7486.31 7489.31 7491.9 7494.08 7495.86 7497.25 7498.24 7498.83 7499.03 7498.83 7498.24 7497.25 7495.86 7494.08 7491.9 7489.31 7486.31 7482.88 7478.98 
7476.03 7471.32 7466.07 7460.25 7453.77 7446.6 7438.73 7430.32 7421.9 7414.8 7411.51 7414.8 7421.9 7430.32 7438.73 7446.6 7453.77 7460.25 7466.07 7471.32 7476.03 7480.26 7484.05 7487.4 7490.36 7492.91 7495.08 7496.85 7498.24 7499.23 7499.82 7500.02 7499.82 7499.23 7498.24 7496.85 7495.08 7492.91 7490.36 7487.4 7484.05 7480.26 
7477.94 7473.5 7468.64 7463.35 7457.63 7451.51 7445.13 7438.73 7432.86 7428.44 7426.68 7428.44 7432.86 7438.73 7445.13 7451.51 7457.63 7463.35 7468.64 7473.5 7477.94 7481.98 7485.63 7488.9 7491.8 7494.32 7496.47 7498.24 7499.62 7500.61 7501.21 7501.41 7501.21 7500.61 7499.62 7498.24 7496.47 7494.32 7491.8 7488.9 7485.63 7481.98 
7480.25 7476.09 7471.62 7466.86 7461.86 7456.69 7451.51 7446.6 7442.37 7439.4 7438.3 7439.4 7442.37 7446.6 7451.51 7456.69 7461.86 7466.86 7471.62 7476.09 7480.25 7484.08 7487.59 7490.77 7493.61 7496.1 7498.24 7500 7501.39 7502.39 7503 7503.2 7503 7502.39 7501.39 7500 7498.24 7496.1 7493.61 7490.77 7487.59 7484.08 
7482.87 7478.98 7474.89 7470.62 7466.24 7461.86 7457.63 7453.77 7450.6 7448.48 7447.72 7448.48 7450.6 7453.77 7457.63 7461.86 7466.24 7470.62 7474.89 7478.98 7482.87 7486.51 7489.88 7492.97 7495.76 7498.24 7500.37 7502.15 7503.56 7504.58 7505.19 7505.4 7505.19 7504.58 7503.56 7502.15 7500.37 7498.24 7495.76 7492.97 7489.88 7486.51 
7485.72 7482.09 7478.32 7474.47 7470.62 7466.86 7463.35 7460.25 7457.78 7456.18 7455.62 7456.18 7457.78 7460.25 7463.35 7466.86 7470.62 7474.47 7478.32 7482.09 7485.72 7489.19 7492.45 7495.47 7498.24 7500.71 7502.86 7504.67 7506.11 7507.16 7507.8 7508.01 7507.8 7507.16 7506.11 7504.67 7502.86 7500.71 7498.24 7495.47 7492.45 7489.19 
7488.75 7485.31 7481.82 7478.32 7474.89 7471.62 7468.64 7466.07 7464.08 7462.81 7462.38 7462.81 7464.08 7466.07 7468.64 7471.62 7474.89 7478.32 7481.82 7485.31 7488.75 7492.07 7495.25 7498.23 7501 7503.5 7505.7 7507.57 7509.07 7510.16 7510.83 7511.06 7510.83 7510.16 7509.07 7507.57 7505.7 7503.5 7501 7498.23 7495.25 7492.07 
7491.88 7488.6 7485.31 7482.09 7478.98 7476.09 7473.5 7471.32 7469.65 7468.61 7468.25 7468.61 7469.65 7471.32 7473.5 7476.09 7478.98 7482.09 7485.31 7488.6 7491.88 7495.1 7498.23 7501.22 7504.02 7506.59 7508.88 7510.84 7512.43 7513.6 7514.32 7514.56 7514.32 7513.6 7512.43 7510.84 7508.88 7506.59 7504.02 7501.22 7498.23 7495.1 
7495.06 7491.88 7488.75 7485.72 7482.87 7480.25 7477.94 7476.03 7474.59 7473.7 7473.4 7473.7 7474.59 7476.03 7477.94 7480.25 7482.87 7485.72 7488.75 7491.88 7495.06 7498.23 7501.37 7504.4 7507.28 7509.97 7512.39 7514.5 7516.22 7517.5 7518.29 7518.55 7518.29 7517.5 7516.22 7514.5 7512.39 7509.97 7507.28 7504.4 7501.37 7498.23 
7498.23 7495.1 7492.07 7489.19 7486.51 7484.08 7481.98 7480.26 7478.98 7478.2 7477.93 7478.2 7478.98 7480.26 7481.98 7484.08 7486.51 7489.19 7492.07 7495.1 7498.23 7501.41 7504.59 7507.73 7510.75 7513.61 7516.23 7518.54 7520.45 7521.89 7522.79 7523.09 7522.79 7521.89 7520.45 7518.54 7516.23 7513.61 7510.75 7507.73 7504.59 7501.41 
7501.37 7498.23 7495.25 7492.45 7489.88 7487.59 7485.63 7484.05 7482.88 7482.16 7481.92 7482.16 7482.88 7484.05 7485.63 7487.59 7489.88 7492.45 7495.25 7498.23 7501.37 7504.59 7507.88 7511.16 7514.39 7517.5 7520.39 7522.99 7525.17 7526.84 7527.89 7528.24 7527.89 7526.84 7525.17 7522.99 7520.39 7517.5 7514.39 7511.16 7507.88 7504.59 
7504.4 7501.22 7498.23 7495.47 7492.97 7490.77 7488.9 7487.4 7486.31 7485.64 7485.42 7485.64 7486.31 7487.4 7488.9 7490.77 7492.97 7495.47 7498.23 7501.22 7504.4 7507.73 7511.16 7514.66 7518.16 7521.6 7524.87 7527.86 7530.42 7532.42 7533.69 7534.13 7533.69 7532.42 7530.42 7527.86 7524.87 7521.6 7518.16 7514.66 7511.16 7507.73 
7507.28 7504.02 7501 7498.24 7495.76 7493.61 7491.8 7490.36 7489.31 7488.67 7488.46 7488.67 7489.31 7490.36 7491.8 7493.61 7495.76 7498.24 7501 7504.02 7507.28 7510.75 7514.39 7518.16 7522.02 7525.87 7529.63 7533.16 7536.26 7538.73 7540.34 7540.9 7540.34 7538.73 7536.26 7533.16 7529.63 7525.87 7522.02 7518.16 7514.39 7510.75 
7509.97 7506.59 7503.5 7500.71 7498.24 7496.1 7494.32 7492.91 7491.9 7491.28 7491.07 7491.28 7491.9 7492.91 7494.32 7496.1 7498.24 7500.71 7503.5 7506.59 7509.97 7513.61 7517.5 7521.6 7525.87 7530.26 7534.65 7538.89 7542.75 7545.93 7548.06 7548.82 7548.06 7545.93 7542.75 7538.89 7534.65 7530.26 7525.87 7521.6 7517.5 7513.61 
7512.39 7508.88 7505.7 7502.86 7500.37 7498.24 7496.47 7495.08 7494.08 7493.47 7493.27 7493.47 7494.08 7495.08 7496.47 7498.24 7500.37 7502.86 7505.7 7508.88 7512.39 7516.23 7520.39 7524.87 7529.63 7534.65 7539.83 7545.02 7549.94 7554.19 7557.17 7558.27 7557.17 7554.19 7549.94 7545.02 7539.83 7534.65 7529.63 7524.87 7520.39 7516.23 
7514.5 7510.84 7507.57 7504.67 7502.15 7500 7498.24 7496.85 7495.86 7495.26 7495.06 7495.26 7495.86 7496.85 7498.24 7500 7502.15 7504.67 7507.57 7510.84 7514.5 7518.54 7522.99 7527.86 7533.16 7538.89 7545.02 7551.42 7557.84 7563.73 7568.17 7569.94 7568.17 7563.73 7557.84 7551.42 7545.02 7538.89 7533.16 7527.86 7522.99 7518.54 
7516.22 7512.43 7509.07 7506.11 7503.56 7501.39 7499.62 7498.24 7497.25 7496.65 7496.45 7496.65 7497.25 7498.24 7499.62 7501.39 7503.56 7506.11 7509.07 7512.43 7516.22 7520.45 7525.17 7530.42 7536.26 7542.75 7549.94 7557.84 7566.28 7574.73 7581.87 7585.17 7581.87 7574.73 7566.28 7557.84 7549.94 7542.75 7536.26 7530.42 7525.17 7520.45 
7517.5 7513.6 7510.16 7507.16 7504.58 7502.39 7500.61 7499.23 7498.24 7497.64 7497.44 7497.64 7498.24 7499.23 7500.61 7502.39 7504.58 7507.16 7510.16 7513.6 7517.5 7521.89 7526.84 7532.42 7538.73 7545.93 7554.19 7563.73 7574.73 7587.08 7599.44 7607.04 7599.44 7587.08 7574.73 7563.73 7554.19 7545.93 7538.73 7532.42 7526.84 7521.89 
7518.29 7514.32 7510.83 7507.8 7505.19 7503 7501.21 7499.82 7498.83 7498.24 7498.04 7498.24 7498.83 7499.82 7501.21 7503 7505.19 7507.8 7510.83 7514.32 7518.29 7522.79 7527.89 7533.69 7540.34 7548.06 7557.17 7568.17 7581.87 7599.44 7621.79 7644.17 7621.79 7599.44 7581.87 7568.17 7557.17 7548.06 7540.34 7533.69 7527.89 7522.79 
7518.55 7514.56 7511.06 7508.01 7505.4 7503.2 7501.41 7500.02 7499.03 7498.43 7498.24 7498.43 7499.03 7500.02 7501.41 7503.2 7505.4 7508.01 7511.06 7514.56 7518.55 7523.09 7528.24 7534.13 7540.9 7548.82 7558.27 7569.94 7585.17 7607.04 7644.17 7726.24 7644.17 7607.04 7585.17 7569.94 7558.27 7548.82 7540.9 7534.13 7528.24 7523.09 
7518.29 7514.32 7510.83 7507.8 7505.19 7503 7501.21 7499.82 7498.83 7498.24 7498.04 7498.24 7498.83 7499.82 7501.21 7503 7505.19 7507.8 7510.83 7514.32 7518.29 7522.79 7527.89 7533.69 7540.34 7548.06 7557.17 7568.17 7581.87 7599.44 7621.79 7644.17 7621.79 7599.44 7581.87 7568.17 7557.17 7548.06 7540.34 7533.69 7527.89 7522.79 
7517.5 7513.6 7510.16 7507.16 7504.58 7502.39 7500.61 7499.23 7498.24 7497.64 7497.44 7497.64 7498.24 7499.23 7500.61 7502.39 7504.58 7507.16 7510.16 7513.6 7517.5 7521.89 7526.84 7532.42 7538.73 7545.93 7554.19 7563.73 7574.73 7587.08 7599.44 7607.04 7599.44 7587.08 7574.73 7563.73 7554.19 7545.93 7538.73 7532.42 7526.84 7521.89 
7516.22 7512.43 7509.07 7506.11 7503.56 7501.39 7499.62 7498.24 7497.25 7496.65 7496.45 7496.65 7497.25 7498.24 7499.62 7501.39 7503.56 7506.11 7509.07 7512.43 7516.22 7520.45 7525.17 7530.42 7536.26 7542.75 7549.94 7557.84 7566.28 7574.73 7581.87 7585.17 7581.87 7574.73 7566.28 7557.84 7549.94 7542.75 7536.26 7530.42 7525.17 7520.45 
7514.5 7510.84 7507.57 7504.67 7502.15 7500 7498.24 7496.85 7495.86 7495.26 7495.06 7495.26 7495.86 7496.85 7498.24 7500 7502.15 7504.67 7507.57 7510.84 7514.5 7518.54 7522.99 7527.86 7533.16 7538.89 7545.02 7551.42 7557.84 7563.73 7568.17 7569.94 7568.17 7563.73 7557.84 7551.42 7545.02 7538.89 7533.16 7527.86 7522.99 7518.54 
7512.39 7508.88 7505.7 7502.86 7500.37 7498.24 7496.47 7495.08 7494.08 7493.47 7493.27 7493.47 7494.08 7495.08 7496.47 7498.24 7500.37 7502.86 7505.7 7508.88 7512.39 7516.23 7520.39 7524.87 7529.63 7534.65 7539.83 7545.02 7549.94 7554.19 7557.17 7558.27 7557.17 7554.19 7549.94 7545.02 7539.83 7534.65 7529.63 7524.87 7520.39 7516.23 
7509.97 7506.59 7503.5 7500.71 7498.24 7496.1 7494.32 7492.91 7491.9 7491.28 7491.07 7491.28 7491.9 7492.91 7494.32 7496.1 7498.24 7500.71 7503.5 7506.59 7509.97 7513.61 7517.5 7521.6 7525.87 7530.26 7534.65 7538.89 7542.75 7545.93 7548.06 7548.82 7548.06 7545.93 7542.75 7538.89 7534.65 7530.26 7525.87 7521.6 7517.5 7513.61 
7507.28 7504.02 7501 7498.24 7495.76 7493.61 7491.8 7490.36 7489.31 7488.67 7488.46 7488.67 7489.31 7490.36 7491.8 7493.61 7495.76 7498.24 7501 7504.02 7507.28 7510.75 7514.39 7518.16 7522.02 7525.87 7529.63 7533.16 7536.26 7538.73 7540.34 7540.9 7540.34 7538.73 7536.26 7533.16 7529.63 7525.87 7522.02 7518.16 7514.39 7510.75 
7504.4 7501.22 7498.23 7495.47 7492.97 7490.77 7488.9 7487.4 7486.31 7485.64 7485.42 7485.64 7486.31 7487.4 7488.9 7490.77 7492.97 7495.47 7498.23 7501.22 7504.4 7507.73 7511.16 7514.66 7518.16 7521.6 7524.87 7527.86 7530.42 7532.42 7533.69 7534.13 7533.69 7532.42 7530.42 7527.86 7524.87 7521.6 7518.16 7514.66 7511.16 7507.73 
7501.37 7498.23 7495.25 7492.45 7489.88 7487.59 7485.63 7484.05 7482.88 7482.16 7481.92 7482.16 7482.88 7484.05 7485.63 7487.59 7489.88 7492.45 7495.25 7498.23 7501.37 7504.59 7507.88 7511.16 7514.39 7517.5 7520.39 7522.99 7525.17 7526.84 7527.89 7528.24 7527.89 7526.84 7525.17 7522.99 7520.39 7517.5 7514.39 7511.16 7507.88 7504.59 
7498.23 7495.1 7492.07 7489.19 7486.51 7484.08 7481.98 7480.26 7478.98 7478.2 7477.93 7478.2 7478.98 7480.26 7481.98 7484.08 7486.51 7489.19 7492.07 7495.1 7498.23 7501.41 7504.59 7507.73 7510.75 7513.61 7516.23 7518.54 7520.45 7521.89 7522.79 7523.09 7522.79 7521.89 7520.45 7518.54 7516.23 7513.61 7510.75 7507.73 7504.59 7501.41 
