7495.02 7491.81 7488.65 7485.59 7482.71 7480.07 7477.74 7475.81 7474.36 7473.46 7473.16 7473.46 7474.36 7475.81 7477.74 7480.07 7482.71 7485.59 7488.65 7491.81 7495.02 7498.23 7501.4 7504.46 7507.38 7510.09 7512.54 7514.66 7516.4 7517.69 7518.49 7518.76 7518.49 7517.69 7516.4 7514.66 7512.54 7510.09 7507.38 7504.46 7501.4 7498.23 
7491.81 7488.5 7485.18 7481.92 7478.79 7475.88 7473.26 7471.06 7469.39 7468.34 7467.98 7468.34 7469.39 7471.06 7473.26 7475.88 7478.79 7481.92 7485.18 7488.5 7491.81 7495.07 7498.23 7501.25 7504.08 7506.68 7509 7510.98 7512.58 7513.76 7514.49 7514.73 7514.49 7513.76 7512.58 7510.98 7509 7506.68 7504.08 7501.25 7498.23 7495.07 
7488.65 7485.18 7481.65 7478.12 7474.67 7471.38 7468.37 7465.79 7463.79 7462.51 7462.07 7462.51 7463.79 7465.79 7468.37 7471.38 7474.67 7478.12 7481.65 7485.18 7488.65 7492.01 7495.22 7498.23 7501.03 7503.56 7505.78 7507.67 7509.19 7510.3 7510.97 7511.2 7510.97 7510.3 7509.19 7507.67 7505.78 7503.56 7501.03 7498.23 7495.22 7492.01 
7485.59 7481.92 7478.12 7474.25 7470.37 7466.59 7463.05 7459.93 7457.45 7455.84 7455.28 7455.84 7457.45 7459.93 7463.05 7466.59 7470.37 7474.25 7478.12 7481.92 7485.59 7489.09 7492.39 7495.44 7498.23 7500.73 7502.91 7504.75 7506.2 7507.26 7507.91 7508.12 7507.91 7507.26 7506.2 7504.75 7502.91 7500.73 7498.23 7495.44 7492.39 7489.09 
7482.71 7478.79 7474.67 7470.37 7465.96 7461.55 7457.3 7453.43 7450.25 7448.12 7447.36 7448.12 7450.25 7453.43 7457.3 7461.55 7465.96 7470.37 7474.67 7478.79 7482.71 7486.38 7489.79 7492.91 7495.73 7498.23 7500.39 7502.2 7503.62 7504.65 7505.27 7505.48 7505.27 7504.65 7503.62 7502.2 7500.39 7498.23 7495.73 7492.91 7489.79 7486.38 
7480.07 7475.88 7471.38 7466.59 7461.55 7456.36 7451.16 7446.23 7441.99 7439.02 7437.92 7439.02 7441.99 7446.23 7451.16 7456.36 7461.55 7466.59 7471.38 7475.88 7480.07 7483.94 7487.48 7490.69 7493.55 7496.07 7498.23 7500.02 7501.43 7502.44 7503.06 7503.26 7503.06 7502.44 7501.43 7500.02 7498.23 7496.07 7493.55 7490.69 7487.48 7483.94 
7477.74 7473.26 7468.37 7463.05 7457.3 7451.16 7444.76 7438.34 7432.47 7428.03 7426.27 7428.03 7432.47 7438.34 7444.76 7451.16 7457.3 7463.05 7468.37 7473.26 7477.74 7481.81 7485.5 7488.8 7491.72 7494.27 7496.45 7498.23 7499.63 7500.64 7501.25 7501.45 7501.25 7500.64 7499.63 7498.23 7496.45 7494.27 7491.72 7488.8 7485.5 7481.81 
7475.81 7471.06 7465.79 7459.93 7453.43 7446.23 7438.34 7429.92 7421.49 7414.37 7411.09 7414.37 7421.49 7429.92 7438.34 7446.23 7453.43 7459.93 7465.79 7471.06 7475.81 7480.08 7483.89 7487.28 7490.27 7492.85 7495.04 7496.83 7498.23 7499.24 7499.84 7500.04 7499.84 7499.24 7498.23 7496.83 7495.04 7492.85 7490.27 7487.28 7483.89 7480.08 
7474.36 7469.39 7463.79 7457.45 7450.25 7441.99 7432.47 7421.49 7409.19 7396.89 7389.33 7396.89 7409.19 7421.49 7432.47 7441.99 7450.25 7457.45 7463.79 7469.39 7474.36 7478.79 7482.71 7486.18 7489.21 7491.82 7494.03 7495.83 7497.23 7498.23 7498.84 7499.04 7498.84 7498.23 7497.23 7495.83 7494.03 7491.82 7489.21 7486.18 7482.71 7478.79 
7473.46 7468.34 7462.51 7455.84 7448.12 7439.02 7428.03 7414.37 7396.89 7374.67 7352.46 7374.67 7396.89 7414.37 7428.03 7439.02 7448.12 7455.84 7462.51 7468.34 7473.46 7477.99 7481.99 7485.5 7488.56 7491.2 7493.42 7495.22 7496.63 7497.63 7498.23 7498.44 7498.23 7497.63 7496.63 7495.22 7493.42 7491.2 7488.56 7485.5 7481.99 7477.99 
7473.16 7467.98 7462.07 7455.28 7447.36 7437.92 7426.27 7411.09 7389.33 7352.46 7271.28 7352.46 7389.33 7411.09 7426.27 7437.92 7447.36 7455.28 7462.07 7467.98 7473.16 7477.72 7481.74 7485.27 7488.35 7490.99 7493.21 7495.02 7496.43 7497.43 7498.03 7498.23 7498.03 7497.43 7496.43 7495.02 7493.21 7490.99 7488.35 7485.27 7481.74 7477.72 
7473.46 7468.34 7462.51 7455.84 7448.12 7439.02 7428.03 7414.37 7396.89 7374.67 7352.46 7374.67 7396.89 7414.37 7428.03 7439.02 7448.12 7455.84 7462.51 7468.34 7473.46 7477.99 7481.99 7485.5 7488.56 7491.2 7493.42 7495.22 7496.63 7497.63 7498.23 7498.44 7498.23 7497.63 7496.63 7495.22 7493.42 7491.2 7488.56 7485.5 7481.99 7477.99 
7474.36 7469.39 7463.79 7457.45 7450.25 7441.99 7432.47 7421.49 7409.19 7396.89 7389.33 7396.89 7409.19 7421.49 7432.47 7441.99 7450.25 7457.45 7463.79 7469.39 7474.36 7478.79 7482.71 7486.18 7489.21 7491.82 7494.03 7495.83 7497.23 7498.23 7498.84 7499.04 7498.84 7498.23 7497.23 7495.83 7494.03 7491.82 7489.21 7486.18 7482.71 7478.79 
7475.81 7471.06 7465.79 7459.93 7453.43 7446.23 7438.34 7429.92 7421.49 7414.37 7411.09 7414.37 7421.49 7429.92 7438.34 7446.23 7453.43 7459.93 7465.79 7471.06 7475.81 7480.08 7483.89 7487.28 7490.27 7492.85 7495.04 7496.83 7498.23 7499.24 7499.84 7500.04 7499.84 7499.24 7498.23 7496.83 7495.04 7492.85 7490.27 7487.28 7483.89 7480.08 
7477.74 7473.26 7468.37 7463.05 7457.3 7451.16 7444.76 7438.34 7432.47 7428.03 7426.27 7428.03 7432.47 7438.34 7444.76 7451.16 7457.3 7463.05 7468.37 7473.26 7477.74 7481.81 7485.5 7488.8 7491.72 7494.27 7496.45 7498.23 7499.63 7500.64 7501.25 7501.45 7501.25 7500.64 7499.63 7498.23 7496.45 7494.27 7491.72 7488.8 7485.5 7481.81 
7480.07 7475.88 7471.38 7466.59 7461.55 7456.36 7451.16 7446.23 7441.99 7439.02 7437.92 7439.02 7441.99 7446.23 7451.16 7456.36 7461.55 7466.59 7471.38 7475.88 7480.07 7483.94 7487.48 7490.69 7493.55 7496.07 7498.23 7500.02 7501.43 7502.44 7503.06 7503.26 7503.06 7502.44 7501.43 7500.02 7498.23 7496.07 7493.55 7490.69 7487.48 7483.94 
7482.71 7478.79 7474.67 7470.37 7465.96 7461.55 7457.3 7453.43 7450.25 7448.12 7447.36 7448.12 7450.25 7453.43 7457.3 7461.55 7465.96 7470.37 7474.67 7478.79 7482.71 7486.38 7489.79 7492.91 7495.73 7498.23 7500.39 7502.2 7503.62 7504.65 7505.27 7505.48 7505.27 7504.65 7503.62 7502.2 7500.39 7498.23 7495.73 7492.91 7489.79 7486.38 
7485.59 7481.92 7478.12 7474.25 7470.37 7466.59 7463.05 7459.93 7457.45 7455.84 7455.28 7455.84 7457.45 7459.93 7463.05 7466.59 7470.37 7474.25 7478.12 7481.92 7485.59 7489.09 7492.39 7495.44 7498.23 7500.73 7502.91 7504.75 7506.2 7507.26 7507.91 7508.12 7507.91 7507.26 7506.2 7504.75 7502.91 7500.73 7498.23 7495.44 7492.39 7489.09 
7488.65 7485.18 7481.65 7478.12 7474.67 7471.38 7468.37 7465.79 7463.79 7462.51 7462.07 7462.51 7463.79 7465.79 7468.37 7471.38 7474.67 7478.12 7481.65 7485.18 7488.65 7492.01 7495.22 7498.23 7501.03 7503.56 7505.78 7507.67 7509.19 7510.3 7510.97 7511.2 7510.97 7510.3 7509.19 7507.67 7505.78 7503.56 7501.03 7498.23 7495.22 7492.01 
7491.81 7488.5 7485.18 7481.92 7478.79 7475.88 7473.26 7471.06 7469.39 7468.34 7467.98 7468.34 7469.39 7471.06 7473.26 7475.88 7478.79 7481.92 7485.18 7488.5 7491.81 7495.07 7498.23 7501.25 7504.08 7506.68 7509 7510.98 7512.58 7513.76 7514.49 7514.73 7514.49 7513.76 7512.58 7510.98 7509 7506.68 7504.08 7501.25 7498.23 7495.07 
7495.02 7491.81 7488.65 7485.59 7482.71 7480.07 7477.74 7475.81 7474.36 7473.46 7473.16 7473.46 7474.36 7475.81 7477.74 7480.07 7482.71 7485.59 7488.65 7491.81 7495.02 7498.23 7501.4 7504.46 7507.38 7510.09 7512.54 7514.66 7516.4 7517.69 7518.49 7518.76 7518.49 7517.69 7516.4 7514.66 7512.54 7510.09 7507.38 7504.46 7501.4 7498.23 
7498.23 7495.07 7492.01 7489.09 7486.38 7483.94 7481.81 7480.08 7478.79 7477.99 7477.72 7477.99 7478.79 7480.08 7481.81 7483.94 7486.38 7489.09 7492.01 7495.07 7498.23 7501.45 7504.66 7507.82 7510.88 7513.77 7516.41 7518.74 7520.67 7522.12 7523.02 7523.33 7523.02 7522.12 7520.67 7518.74 7516.41 7513.77 7510.88 7507.82 7504.66 7501.45 
7501.4 7498.23 7495.22 7492.39 7489.79 7487.48 7485.5 7483.89 7482.71 7481.99 7481.74 7481.99 7482.71 7483.89 7485.5 7487.48 7489.79 7492.39 7495.22 7498.23 7501.4 7504.66 7507.98 7511.29 7514.55 7517.69 7520.61 7523.22 7525.42 7527.1 7528.16 7528.52 7528.16 7527.1 7525.42 7523.22 7520.61 7517.69 7514.55 7511.29 7507.98 7504.66 
7504.46 7501.25 7498.23 7495.44 7492.91 7490.69 7488.8 7487.28 7486.18 7485.5 7485.27 7485.5 7486.18 7487.28 7488.8 7490.69 7492.91 7495.44 7498.23 7501.25 7504.46 7507.82 7511.29 7514.82 7518.36 7521.82 7525.11 7528.12 7530.71 7532.72 7534 7534.44 7534 7532.72 7530.71 7528.12 7525.11 7521.82 7518.36 7514.82 7511.29 7507.82 
7507.38 7504.08 7501.03 7498.23 7495.73 7493.55 7491.72 7490.27 7489.21 7488.56 7488.35 7488.56 7489.21 7490.27 7491.72 7493.55 7495.73 7498.23 7501.03 7504.08 7507.38 7510.88 7514.55 7518.36 7522.24 7526.13 7529.91 7533.45 7536.58 7539.06 7540.68 7541.24 7540.68 7539.06 7536.58 7533.45 7529.91 7526.13 7522.24 7518.36 7514.55 7510.88 
7510.09 7506.68 7503.56 7500.73 7498.23 7496.07 7494.27 7492.85 7491.82 7491.2 7490.99 7491.2 7491.82 7492.85 7494.27 7496.07 7498.23 7500.73 7503.56 7506.68 7510.09 7513.77 7517.69 7521.82 7526.13 7530.54 7534.95 7539.22 7543.1 7546.28 7548.42 7549.18 7548.42 7546.28 7543.1 7539.22 7534.95 7530.54 7526.13 7521.82 7517.69 7513.77 
7512.54 7509 7505.78 7502.91 7500.39 7498.23 7496.45 7495.04 7494.03 7493.42 7493.21 7493.42 7494.03 7495.04 7496.45 7498.23 7500.39 7502.91 7505.78 7509 7512.54 7516.41 7520.61 7525.11 7529.91 7534.95 7540.16 7545.37 7550.31 7554.57 7557.55 7558.66 7557.55 7554.57 7550.31 7545.37 7540.16 7534.95 7529.91 7525.11 7520.61 7516.41 
7514.66 7510.98 7507.67 7504.75 7502.2 7500.02 7498.23 7496.83 7495.83 7495.22 7495.02 7495.22 7495.83 7496.83 7498.23 7500.02 7502.2 7504.75 7507.67 7510.98 7514.66 7518.74 7523.22 7528.12 7533.45 7539.22 7545.37 7551.79 7558.23 7564.13 7568.58 7570.35 7568.58 7564.13 7558.23 7551.79 7545.37 7539.22 7533.45 7528.12 7523.22 7518.74 
7516.4 7512.58 7509.19 7506.2 7503.62 7501.43 7499.63 7498.23 7497.23 7496.63 7496.43 7496.63 7497.23 7498.23 7499.63 7501.43 7503.62 7506.2 7509.19 7512.58 7516.4 7520.67 7525.42 7530.71 7536.58 7543.1 7550.31 7558.23 7566.69 7575.15 7582.3 7585.6 7582.3 7575.15 7566.69 7558.23 7550.31 7543.1 7536.58 7530.71 7525.42 7520.67 
7517.69 7513.76 7510.3 7507.26 7504.65 7502.44 7500.64 7499.24 7498.23 7497.63 7497.43 7497.63 7498.23 7499.24 7500.64 7502.44 7504.65 7507.26 7510.3 7513.76 7517.69 7522.12 7527.1 7532.72 7539.06 7546.28 7554.57 7564.13 7575.15 7587.51 7599.88 7607.48 7599.88 7587.51 7575.15 7564.13 7554.57 7546.28 7539.06 7532.72 7527.1 7522.12 
7518.49 7514.49 7510.97 7507.91 7505.27 7503.06 7501.25 7499.84 7498.84 7498.23 7498.03 7498.23 7498.84 7499.84 7501.25 7503.06 7505.27 7507.91 7510.97 7514.49 7518.49 7523.02 7528.16 7534 7540.68 7548.42 7557.55 7568.58 7582.3 7599.88 7622.24 7644.62 7622.24 7599.88 7582.3 7568.58 7557.55 7548.42 7540.68 7534 7528.16 7523.02 
7518.76 7514.73 7511.2 7508.12 7505.48 7503.26 7501.45 7500.04 7499.04 7498.44 7498.23 7498.44 7499.04 7500.04 7501.45 7503.26 7505.48 7508.12 7511.2 7514.73 7518.76 7523.33 7528.52 7534.44 7541.24 7549.18 7558.66 7570.35 7585.6 7607.48 7644.62 7726.69 7644.62 7607.48 7585.6 7570.35 7558.66 7549.18 7541.24 7534.44 7528.52 7523.33 
7518.49 7514.49 7510.97 7507.91 7505.27 7503.06 7501.25 7499.84 7498.84 7498.23 7498.03 7498.23 7498.84 7499.84 7501.25 7503.06 7505.27 7507.91 7510.97 7514.49 7518.49 7523.02 7528.16 7534 7540.68 7548.42 7557.55 7568.58 7582.3 7599.88 7622.24 7644.62 7622.24 7599.88 7582.3 7568.58 7557.55 7548.42 7540.68 7534 7528.16 7523.02 
7517.69 7513.76 7510.3 7507.26 7504.65 7502.44 7500.64 7499.24 7498.23 7497.63 7497.43 7497.63 7498.23 7499.24 7500.64 7502.44 7504.65 7507.26 7510.3 7513.76 7517.69 7522.12 7527.1 7532.72 7539.06 7546.28 7554.57 7564.13 7575.15 7587.51 7599.88 7607.48 7599.88 7587.51 7575.15 7564.13 7554.57 7546.28 7539.06 7532.72 7527.1 7522.12 
7516.4 7512.58 7509.19 7506.2 7503.62 7501.43 7499.63 7498.23 7497.23 7496.63 7496.43 7496.63 7497.23 7498.23 7499.63 7501.43 7503.62 7506.2 7509.19 7512.58 7516.4 7520.67 7525.42 7530.71 7536.58 7543.1 7550.31 7558.23 7566.69 7575.15 7582.3 7585.6 7582.3 7575.15 7566.69 7558.23 7550.31 7543.1 7536.58 7530.71 7525.42 7520.67 
7514.66 7510.98 7507.67 7504.75 7502.2 7500.02 7498.23 7496.83 7495.83 7495.22 7495.02 7495.22 7495.83 7496.83 7498.23 7500.02 7502.2 7504.75 7507.67 7510.98 7514.66 7518.74 7523.22 7528.12 7533.45 7539.22 7545.37 7551.79 7558.23 7564.13 7568.58 7570.35 7568.58 7564.13 7558.23 7551.79 7545.37 7539.22 7533.45 7528.12 7523.22 7518.74 
7512.54 7509 7505.78 7502.91 7500.39 7498.23 7496.45 7495.04 7494.03 7493.42 7493.21 7493.42 7494.03 7495.04 7496.45 7498.23 7500.39 7502.91 7505.78 7509 7512.54 7516.41 7520.61 7525.11 7529.91 7534.95 7540.16 7545.37 7550.31 7554.57 7557.55 7558.66 7557.55 7554.57 7550.31 7545.37 7540.16 7534.95 7529.91 7525.11 7520.61 7516.41 
7510.09 7506.68 7503.56 7500.73 7498.23 7496.07 7494.27 7492.85 7491.82 7491.2 7490.99 7491.2 7491.82 7492.85 7494.27 7496.07 7498.23 7500.73 7503.56 7506.68 7510.09 7513.77 7517.69 7521.82 7526.13 7530.54 7534.95 7539.22 7543.1 7546.28 7548.42 7549.18 7548.42 7546.28 7543.1 7539.22 7534.95 7530.54 7526.13 7521.82 7517.69 7513.77 
7507.38 7504.08 7501.03 7498.23 7495.73 7493.55 7491.72 7490.27 7489.21 7488.56 7488.35 7488.56 7489.21 7490.27 7491.72 7493.55 7495.73 7498.23 7501.03 7504.08 7507.38 7510.88 7514.55 7518.36 7522.24 7526.13 7529.91 7533.45 7536.58 7539.06 7540.68 7541.24 7540.68 7539.06 7536.58 7533.45 7529.91 7526.13 7522.24 7518.36 7514.55 7510.88 
7504.46 7501.25 7498.23 7495.44 7492.91 7490.69 7488.8 7487.28 7486.18 7485.5 7485.27 7485.5 7486.18 7487.28 7488.8 7490.69 7492.91 7495.44 7498.23 7501.25 7504.46 7507.82 7511.29 7514.82 7518.36 7521.82 7525.11 7528.12 7530.71 7532.72 7534 7534.44 7534 7532.72 7530.71 7528.12 7525.11 7521.82 7518.36 7514.82 7511.29 7507.82 
7501.4 7498.23 7495.22 7492.39 7489.79 7487.48 7485.5 7483.89 7482.71 7481.99 7481.74 7481.99 7482.71 7483.89 7485.5 7487.48 7489.79 7492.39 7495.22 7498.23 7501.4 7504.66 7507.98 7511.29 7514.55 7517.69 7520.61 7523.22 7525.42 7527.1 7528.16 7528.52 7528.16 7527.1 7525.42 7523.22 7520.61 7517.69 7514.55 7511.29 7507.98 7504.66 
7498.23 7495.07 7492.01 7489.09 7486.38 7483.94 7481.81 7480.08 7478.79 7477.99 7477.72 7477.99 7478.79 7480.08 7481.81 7483.94 7486.38 7489.09 7492.01 7495.07 7498.23 7501.45 7504.66 7507.82 7510.88 7513.77 7516.41 7518.74 7520.67 7522.12 7523.02 7523.33 7523.02 7522.12 7520.67 7518.74 7516.41 7513.77 7510.88 7507.82 7504.66 7501.45 
