7495.01 7491.78 7488.6 7485.53 7482.63 7479.98 7477.64 7475.71 7474.25 7473.35 7473.04 7473.35 7474.25 7475.71 7477.64 7479.98 7482.63 7485.53 7488.6 7491.78 7495.01 7498.23 7501.41 7504.49 7507.42 7510.15 7512.61 7514.74 7516.49 7517.79 7518.59 7518.86 7518.59 7517.79 7516.49 7514.74 7512.61 7510.15 7507.42 7504.49 7501.41 7498.23 
7491.78 7488.45 7485.12 7481.85 7478.7 7475.77 7473.15 7470.94 7469.26 7468.21 7467.84 7468.21 7469.26 7470.94 7473.15 7475.77 7478.7 7481.85 7485.12 7488.45 7491.78 7495.06 7498.23 7501.27 7504.11 7506.72 7509.05 7511.04 7512.65 7513.84 7514.57 7514.82 7514.57 7513.84 7512.65 7511.04 7509.05 7506.72 7504.11 7501.27 7498.23 7495.06 
7488.6 7485.12 7481.57 7478.03 7474.56 7471.26 7468.24 7465.65 7463.65 7462.36 7461.92 7462.36 7463.65 7465.65 7468.24 7471.26 7474.56 7478.03 7481.57 7485.12 7488.6 7491.98 7495.2 7498.23 7501.04 7503.58 7505.82 7507.72 7509.25 7510.36 7511.04 7511.27 7511.04 7510.36 7509.25 7507.72 7505.82 7503.58 7501.04 7498.23 7495.2 7491.98 
7485.53 7481.85 7478.03 7474.14 7470.25 7466.46 7462.91 7459.78 7457.3 7455.68 7455.12 7455.68 7457.3 7459.78 7462.91 7466.46 7470.25 7474.14 7478.03 7481.85 7485.53 7489.05 7492.36 7495.43 7498.23 7500.75 7502.94 7504.78 7506.25 7507.31 7507.96 7508.18 7507.96 7507.31 7506.25 7504.78 7502.94 7500.75 7498.23 7495.43 7492.36 7489.05 
7482.63 7478.7 7474.56 7470.25 7465.83 7461.41 7457.15 7453.27 7450.08 7447.95 7447.19 7447.95 7450.08 7453.27 7457.15 7461.41 7465.83 7470.25 7474.56 7478.7 7482.63 7486.32 7489.75 7492.89 7495.72 7498.23 7500.41 7502.22 7503.65 7504.68 7505.31 7505.52 7505.31 7504.68 7503.65 7502.22 7500.41 7498.23 7495.72 7492.89 7489.75 7486.32 
7479.98 7475.77 7471.26 7466.46 7461.41 7456.2 7451 7446.06 7441.81 7438.83 7437.73 7438.83 7441.81 7446.06 7451 7456.2 7461.41 7466.46 7471.26 7475.77 7479.98 7483.86 7487.42 7490.65 7493.53 7496.06 7498.23 7500.03 7501.45 7502.47 7503.08 7503.29 7503.08 7502.47 7501.45 7500.03 7498.23 7496.06 7493.53 7490.65 7487.42 7483.86 
7477.64 7473.15 7468.24 7462.91 7457.15 7451 7444.58 7438.16 7432.27 7427.84 7426.07 7427.84 7432.27 7438.16 7444.58 7451 7457.15 7462.91 7468.24 7473.15 7477.64 7481.73 7485.43 7488.75 7491.69 7494.25 7496.44 7498.23 7499.64 7500.65 7501.26 7501.47 7501.26 7500.65 7499.64 7498.23 7496.44 7494.25 7491.69 7488.75 7485.43 7481.73 
7475.71 7470.94 7465.65 7459.78 7453.27 7446.06 7438.16 7429.72 7421.29 7414.17 7410.88 7414.17 7421.29 7429.72 7438.16 7446.06 7453.27 7459.78 7465.65 7470.94 7475.71 7479.99 7483.82 7487.23 7490.22 7492.82 7495.02 7496.83 7498.23 7499.24 7499.85 7500.05 7499.85 7499.24 7498.23 7496.83 7495.02 7492.82 7490.22 7487.23 7483.82 7479.99 
7474.25 7469.26 7463.65 7457.3 7450.08 7441.81 7432.27 7421.29 7408.98 7396.68 7389.12 7396.68 7408.98 7421.29 7432.27 7441.81 7450.08 7457.3 7463.65 7469.26 7474.25 7478.69 7482.63 7486.11 7489.16 7491.79 7494 7495.82 7497.23 7498.23 7498.84 7499.04 7498.84 7498.23 7497.23 7495.82 7494 7491.79 7489.16 7486.11 7482.63 7478.69 
7473.35 7468.21 7462.36 7455.68 7447.95 7438.83 7427.84 7414.17 7396.68 7374.46 7352.25 7374.46 7396.68 7414.17 7427.84 7438.83 7447.95 7455.68 7462.36 7468.21 7473.35 7477.89 7481.91 7485.43 7488.51 7491.16 7493.39 7495.21 7496.62 7497.63 7498.23 7498.44 7498.23 7497.63 7496.62 7495.21 7493.39 7491.16 7488.51 7485.43 7481.91 7477.89 
7473.04 7467.84 7461.92 7455.12 7447.19 7437.73 7426.07 7410.88 7389.12 7352.25 7271.06 7352.25 7389.12 7410.88 7426.07 7437.73 7447.19 7455.12 7461.92 7467.84 7473.04 7477.62 7481.66 7485.21 7488.29 7490.95 7493.18 7495 7496.42 7497.43 7498.03 7498.23 7498.03 7497.43 7496.42 7495 7493.18 7490.95 7488.29 7485.21 7481.66 7477.62 
7473.35 7468.21 7462.36 7455.68 7447.95 7438.83 7427.84 7414.17 7396.68 7374.46 7352.25 7374.46 7396.68 7414.17 7427.84 7438.83 7447.95 7455.68 7462.36 7468.21 7473.35 7477.89 7481.91 7485.43 7488.51 7491.16 7493.39 7495.21 7496.62 7497.63 7498.23 7498.44 7498.23 7497.63 7496.62 7495.21 7493.39 7491.16 7488.51 7485.43 7481.91 7477.89 
7474.25 7469.26 7463.65 7457.3 7450.08 7441.81 7432.27 7421.29 7408.98 7396.68 7389.12 7396.68 7408.98 7421.29 7432.27 7441.81 7450.08 7457.3 7463.65 7469.26 7474.25 7478.69 7482.63 7486.11 7489.16 7491.79 7494 7495.82 7497.23 7498.23 7498.84 7499.04 7498.84 7498.23 7497.23 7495.82 7494 7491.79 7489.16 7486.11 7482.63 7478.69 
7475.71 7470.94 7465.65 7459.78 7453.27 7446.06 7438.16 7429.72 7421.29 7414.17 7410.88 7414.17 7421.29 7429.72 7438.16 7446.06 7453.27 7459.78 7465.65 7470.94 7475.71 7479.99 7483.82 7487.23 7490.22 7492.82 7495.02 7496.83 7498.23 7499.24 7499.85 7500.05 7499.85 7499.24 7498.23 7496.83 7495.02 7492.82 7490.22 7487.23 7483.82 7479.99 
7477.64 7473.15 7468.24 7462.91 7457.15 7451 7444.58 7438.16 7432.27 7427.84 7426.07 7427.84 7432.27 7438.16 7444.58 7451 7457.15 7462.91 7468.24 7473.15 7477.64 7481.73 7485.43 7488.75 7491.69 7494.25 7496.44 7498.23 7499.64 7500.65 7501.26 7501.47 7501.26 7500.65 7499.64 7498.23 7496.44 7494.25 7491.69 7488.75 7485.43 7481.73 
7479.98 7475.77 7471.26 7466.46 7461.41 7456.2 7451 7446.06 7441.81 7438.83 7437.73 7438.83 7441.81 7446.06 7451 7456.2 7461.41 7466.46 7471.26 7475.77 7479.98 7483.86 7487.42 7490.65 7493.53 7496.06 7498.23 7500.03 7501.45 7502.47 7503.08 7503.29 7503.08 7502.47 7501.45 7500.03 7498.23 7496.06 7493.53 7490.65 7487.42 7483.86 
7482.63 7478.7 7474.56 7470.25 7465.83 7461.41 7457.15 7453.27 7450.08 7447.95 7447.19 7447.95 7450.08 7453.27 7457.15 7461.41 7465.83 7470.25 7474.56 7478.7 7482.63 7486.32 7489.75 7492.89 7495.72 7498.23 7500.41 7502.22 7503.65 7504.68 7505.31 7505.52 7505.31 7504.68 7503.65 7502.22 7500.41 7498.23 7495.72 7492.89 7489.75 7486.32 
7485.53 7481.85 7478.03 7474.14 7470.25 7466.46 7462.91 7459.78 7457.3 7455.68 7455.12 7455.68 7457.3 7459.78 7462.91 7466.46 7470.25 7474.14 7478.03 7481.85 7485.53 7489.05 7492.36 7495.43 7498.23 7500.75 7502.94 7504.78 7506.25 7507.31 7507.96 7508.18 7507.96 7507.31 7506.25 7504.78 7502.94 7500.75 7498.23 7495.43 7492.36 7489.05 
7488.6 7485.12 7481.57 7478.03 7474.56 7471.26 7468.24 7465.65 7463.65 7462.36 7461.92 7462.36 7463.65 7465.65 7468.24 7471.26 7474.56 7478.03 7481.57 7485.12 7488.6 7491.98 7495.2 7498.23 7501.04 7503.58 7505.82 7507.72 7509.25 7510.36 7511.04 7511.27 7511.04 7510.36 7509.25 7507.72 7505.82 7503.58 7501.04 7498.23 7495.2 7491.98 
7491.78 7488.45 7485.12 7481.85 7478.7 7475.77 7473.15 7470.94 7469.26 7468.21 7467.84 7468.21 7469.26 7470.94 7473.15 7475.77 7478.7 7481.85 7485.12 7488.45 7491.78 7495.06 7498.23 7501.27 7504.11 7506.72 7509.05 7511.04 7512.65 7513.84 7514.57 7514.82 7514.57 7513.84 7512.65 7511.04 7509.05 7506.72 7504.11 7501.27 7498.23 7495.06 
7495.01 7491.78 7488.6 7485.53 7482.63 7479.98 7477.64 7475.71 7474.25 7473.35 7473.04 7473.35 7474.25 7475.71 7477.64 7479.98 7482.63 7485.53 7488.6 7491.78 7495.01 7498.23 7501.41 7504.49 7507.42 7510.15 7512.61 7514.74 7516.49 7517.79 7518.59 7518.86 7518.59 7517.79 7516.49 7514.74 7512.61 7510.15 7507.42 7504.49 7501.41 7498.23 
7498.23 7495.06 7491.98 7489.05 7486.32 7483.86 7481.73 7479.99 7478.69 7477.89 7477.62 7477.89 7478.69 7479.99 7481.73 7483.86 7486.32 7489.05 7491.98 7495.06 7498.23 7501.46 7504.69 7507.87 7510.94 7513.84 7516.5 7518.84 7520.78 7522.23 7523.14 7523.45 7523.14 7522.23 7520.78 7518.84 7516.5 7513.84 7510.94 7507.87 7504.69 7501.46 
7501.41 7498.23 7495.2 7492.36 7489.75 7487.42 7485.43 7483.82 7482.63 7481.91 7481.66 7481.91 7482.63 7483.82 7485.43 7487.42 7489.75 7492.36 7495.2 7498.23 7501.41 7504.69 7508.02 7511.36 7514.63 7517.78 7520.71 7523.34 7525.55 7527.23 7528.29 7528.65 7528.29 7527.23 7525.55 7523.34 7520.71 7517.78 7514.63 7511.36 7508.02 7504.69 
7504.49 7501.27 7498.23 7495.43 7492.89 7490.65 7488.75 7487.23 7486.11 7485.43 7485.21 7485.43 7486.11 7487.23 7488.75 7490.65 7492.89 7495.43 7498.23 7501.27 7504.49 7507.87 7511.36 7514.9 7518.45 7521.93 7525.23 7528.25 7530.84 7532.86 7534.14 7534.58 7534.14 7532.86 7530.84 7528.25 7525.23 7521.93 7518.45 7514.9 7511.36 7507.87 
7507.42 7504.11 7501.04 7498.23 7495.72 7493.53 7491.69 7490.22 7489.16 7488.51 7488.29 7488.51 7489.16 7490.22 7491.69 7493.53 7495.72 7498.23 7501.04 7504.11 7507.42 7510.94 7514.63 7518.45 7522.35 7526.25 7530.04 7533.6 7536.73 7539.22 7540.84 7541.4 7540.84 7539.22 7536.73 7533.6 7530.04 7526.25 7522.35 7518.45 7514.63 7510.94 
7510.15 7506.72 7503.58 7500.75 7498.23 7496.06 7494.25 7492.82 7491.79 7491.16 7490.95 7491.16 7491.79 7492.82 7494.25 7496.06 7498.23 7500.75 7503.58 7506.72 7510.15 7513.84 7517.78 7521.93 7526.25 7530.67 7535.1 7539.37 7543.26 7546.45 7548.6 7549.36 7548.6 7546.45 7543.26 7539.37 7535.1 7530.67 7526.25 7521.93 7517.78 7513.84 
7512.61 7509.05 7505.82 7502.94 7500.41 7498.23 7496.44 7495.02 7494 7493.39 7493.18 7493.39 7494 7495.02 7496.44 7498.23 7500.41 7502.94 7505.82 7509.05 7512.61 7516.5 7520.71 7525.23 7530.04 7535.1 7540.32 7545.54 7550.49 7554.75 7557.74 7558.84 7557.74 7554.75 7550.49 7545.54 7540.32 7535.1 7530.04 7525.23 7520.71 7516.5 
7514.74 7511.04 7507.72 7504.78 7502.22 7500.03 7498.23 7496.83 7495.82 7495.21 7495 7495.21 7495.82 7496.83 7498.23 7500.03 7502.22 7504.78 7507.72 7511.04 7514.74 7518.84 7523.34 7528.25 7533.6 7539.37 7545.54 7551.97 7558.41 7564.32 7568.77 7570.55 7568.77 7564.32 7558.41 7551.97 7545.54 7539.37 7533.6 7528.25 7523.34 7518.84 
7516.49 7512.65 7509.25 7506.25 7503.65 7501.45 7499.64 7498.23 7497.23 7496.62 7496.42 7496.62 7497.23 7498.23 7499.64 7501.45 7503.65 7506.25 7509.25 7512.65 7516.49 7520.78 7525.55 7530.84 7536.73 7543.26 7550.49 7558.41 7566.88 7575.35 7582.5 7585.81 7582.5 7575.35 7566.88 7558.41 7550.49 7543.26 7536.73 7530.84 7525.55 7520.78 
7517.79 7513.84 7510.36 7507.31 7504.68 7502.47 7500.65 7499.24 7498.23 7497.63 7497.43 7497.63 7498.23 7499.24 7500.65 7502.47 7504.68 7507.31 7510.36 7513.84 7517.79 7522.23 7527.23 7532.86 7539.22 7546.45 7554.75 7564.32 7575.35 7587.71 7600.09 7607.69 7600.09 7587.71 7575.35 7564.32 7554.75 7546.45 7539.22 7532.86 7527.23 7522.23 
7518.59 7514.57 7511.04 7507.96 7505.31 7503.08 7501.26 7499.85 7498.84 7498.23 7498.03 7498.23 7498.84 7499.85 7501.26 7503.08 7505.31 7507.96 7511.04 7514.57 7518.59 7523.14 7528.29 7534.14 7540.84 7548.6 7557.74 7568.77 7582.5 7600.09 7622.45 7644.84 7622.45 7600.09 7582.5 7568.77 7557.74 7548.6 7540.84 7534.14 7528.29 7523.14 
7518.86 7514.82 7511.27 7508.18 7505.52 7503.29 7501.47 7500.05 7499.04 7498.44 7498.23 7498.44 7499.04 7500.05 7501.47 7503.29 7505.52 7508.18 7511.27 7514.82 7518.86 7523.45 7528.65 7534.58 7541.4 7549.36 7558.84 7570.55 7585.81 7607.69 7644.84 7726.91 7644.84 7607.69 7585.81 7570.55 7558.84 7549.36 7541.4 7534.58 7528.65 7523.45 
7518.59 7514.57 7511.04 7507.96 7505.31 7503.08 7501.26 7499.85 7498.84 7498.23 7498.03 7498.23 7498.84 7499.85 7501.26 7503.08 7505.31 7507.96 7511.04 7514.57 7518.59 7523.14 7528.29 7534.14 7540.84 7548.6 7557.74 7568.77 7582.5 7600.09 7622.45 7644.84 7622.45 7600.09 7582.5 7568.77 7557.74 7548.6 7540.84 7534.14 7528.29 7523.14 
7517.79 7513.84 7510.36 7507.31 7504.68 7502.47 7500.65 7499.24 7498.23 7497.63 7497.43 7497.63 7498.23 7499.24 7500.65 7502.47 7504.68 7507.31 7510.36 7513.84 7517.79 7522.23 7527.23 7532.86 7539.22 7546.45 7554.75 7564.32 7575.35 7587.71 7600.09 7607.69 7600.09 7587.71 7575.35 7564.32 7554.75 7546.45 7539.22 7532.86 7527.23 7522.23 
7516.49 7512.65 7509.25 7506.25 7503.65 7501.45 7499.64 7498.23 7497.23 7496.62 7496.42 7496.62 7497.23 7498.23 7499.64 7501.45 7503.65 7506.25 7509.25 7512.65 7516.49 7520.78 7525.55 7530.84 7536.73 7543.26 7550.49 7558.41 7566.88 7575.35 7582.5 7585.81 7582.5 7575.35 7566.88 7558.41 7550.49 7543.26 7536.73 7530.84 7525.55 7520.78 
7514.74 7511.04 7507.72 7504.78 7502.22 7500.03 7498.23 7496.83 7495.82 7495.21 7495 7495.21 7495.82 7496.83 7498.23 7500.03 7502.22 7504.78 7507.72 7511.04 7514.74 7518.84 7523.34 7528.25 7533.6 7539.37 7545.54 7551.97 7558.41 7564.32 7568.77 7570.55 7568.77 7564.32 7558.41 7551.97 7545.54 7539.37 7533.6 7528.25 7523.34 7518.84 
7512.61 7509.05 7505.82 7502.94 7500.41 7498.23 7496.44 7495.02 7494 7493.39 7493.18 7493.39 7494 7495.02 7496.44 7498.23 7500.41 7502.94 7505.82 7509.05 7512.61 7516.5 7520.71 7525.23 7530.04 7535.1 7540.32 7545.54 7550.49 7554.75 7557.74 7558.84 7557.74 7554.75 7550.49 7545.54 7540.32 7535.1 7530.04 7525.23 7520.71 7516.5 
7510.15 7506.72 7503.58 7500.75 7498.23 7496.06 7494.25 7492.82 7491.79 7491.16 7490.95 7491.16 7491.79 7492.82 7494.25 7496.06 7498.23 7500.75 7503.58 7506.72 7510.15 7513.84 7517.78 7521.93 7526.25 7530.67 7535.1 7539.37 7543.26 7546.45 7548.6 7549.36 7548.6 7546.45 7543.26 7539.37 7535.1 7530.67 7526.25 7521.93 7517.78 7513.84 
7507.42 7504.11 7501.04 7498.23 7495.72 7493.53 7491.69 7490.22 7489.16 7488.51 7488.29 7488.51 7489.16 7490.22 7491.69 7493.53 7495.72 7498.23 7501.04 7504.11 7507.42 7510.94 7514.63 7518.45 7522.35 7526.25 7530.04 7533.6 7536.73 7539.22 7540.84 7541.4 7540.84 7539.22 7536.73 7533.6 7530.04 7526.25 7522.35 7518.45 7514.63 7510.94 
7504.49 7501.27 7498.23 7495.43 7492.89 7490.65 7488.75 7487.23 7486.11 7485.43 7485.21 7485.43 7486.11 7487.23 7488.75 7490.65 7492.89 7495.43 7498.23 7501.27 7504.49 7507.87 7511.36 7514.9 7518.45 7521.93 7525.23 7528.25 7530.84 7532.86 7534.14 7534.58 7534.14 7532.86 7530.84 7528.25 7525.23 7521.93 7518.45 7514.9 7511.36 7507.87 
7501.41 7498.23 7495.2 7492.36 7489.75 7487.42 7485.43 7483.82 7482.63 7481.91 7481.66 7481.91 7482.63 7483.82 7485.43 7487.42 7489.75 7492.36 7495.2 7498.23 7501.41 7504.69 7508.02 7511.36 7514.63 7517.78 7520.71 7523.34 7525.55 7527.23 7528.29 7528.65 7528.29 7527.23 7525.55 7523.34 7520.71 7517.78 7514.63 7511.36 7508.02 7504.69 
7498.23 7495.06 7491.98 7489.05 7486.32 7483.86 7481.73 7479.99 7478.69 7477.89 7477.62 7477.89 7478.69 7479.99 7481.73 7483.86 7486.32 7489.05 7491.98 7495.06 7498.23 7501.46 7504.69 7507.87 7510.94 7513.84 7516.5 7518.84 7520.78 7522.23 7523.14 7523.45 7523.14 7522.23 7520.78 7518.84 7516.5 7513.84 7510.94 7507.87 7504.69 7501.46 
