7495.02 7491.8 7488.63 7485.58 7482.69 7480.04 7477.71 7475.78 7474.33 7473.43 7473.12 7473.43 7474.33 7475.78 7477.71 7480.04 7482.69 7485.58 7488.63 7491.8 7495.02 7498.23 7501.4 7504.47 7507.39 7510.11 7512.56 7514.69 7516.43 7517.72 7518.52 7518.79 7518.52 7517.72 7516.43 7514.69 7512.56 7510.11 7507.39 7504.47 7501.4 7498.23 
7491.8 7488.48 7485.16 7481.9 7478.77 7475.85 7473.23 7471.03 7469.35 7468.3 7467.94 7468.3 7469.35 7471.03 7473.23 7475.85 7478.77 7481.9 7485.16 7488.48 7491.8 7495.07 7498.23 7501.26 7504.09 7506.69 7509.01 7511 7512.6 7513.79 7514.51 7514.76 7514.51 7513.79 7512.6 7511 7509.01 7506.69 7504.09 7501.26 7498.23 7495.07 
7488.63 7485.16 7481.63 7478.1 7474.63 7471.34 7468.33 7465.75 7463.75 7462.47 7462.03 7462.47 7463.75 7465.75 7468.33 7471.34 7474.63 7478.1 7481.63 7485.16 7488.63 7492 7495.21 7498.23 7501.03 7503.56 7505.8 7507.69 7509.2 7510.31 7510.99 7511.22 7510.99 7510.31 7509.2 7507.69 7505.8 7503.56 7501.03 7498.23 7495.21 7492 
7485.58 7481.9 7478.1 7474.21 7470.33 7466.55 7463.01 7459.89 7457.41 7455.8 7455.23 7455.8 7457.41 7459.89 7463.01 7466.55 7470.33 7474.21 7478.1 7481.9 7485.58 7489.08 7492.38 7495.44 7498.23 7500.74 7502.92 7504.76 7506.22 7507.28 7507.92 7508.14 7507.92 7507.28 7506.22 7504.76 7502.92 7500.74 7498.23 7495.44 7492.38 7489.08 
7482.69 7478.77 7474.63 7470.33 7465.92 7461.51 7457.26 7453.38 7450.2 7448.07 7447.31 7448.07 7450.2 7453.38 7457.26 7461.51 7465.92 7470.33 7474.63 7478.77 7482.69 7486.37 7489.78 7492.91 7495.73 7498.23 7500.4 7502.2 7503.63 7504.66 7505.28 7505.49 7505.28 7504.66 7503.63 7502.2 7500.4 7498.23 7495.73 7492.91 7489.78 7486.37 
7480.04 7475.85 7471.34 7466.55 7461.51 7456.31 7451.12 7446.18 7441.94 7438.96 7437.86 7438.96 7441.94 7446.18 7451.12 7456.31 7461.51 7466.55 7471.34 7475.85 7480.04 7483.91 7487.46 7490.67 7493.55 7496.07 7498.23 7500.03 7501.44 7502.45 7503.06 7503.27 7503.06 7502.45 7501.44 7500.03 7498.23 7496.07 7493.55 7490.67 7487.46 7483.91 
7477.71 7473.23 7468.33 7463.01 7457.26 7451.12 7444.7 7438.29 7432.41 7427.98 7426.21 7427.98 7432.41 7438.29 7444.7 7451.12 7457.26 7463.01 7468.33 7473.23 7477.71 7481.79 7485.48 7488.78 7491.71 7494.27 7496.44 7498.23 7499.64 7500.64 7501.25 7501.45 7501.25 7500.64 7499.64 7498.23 7496.44 7494.27 7491.71 7488.78 7485.48 7481.79 
7475.78 7471.03 7465.75 7459.89 7453.38 7446.18 7438.29 7429.86 7421.43 7414.32 7411.03 7414.32 7421.43 7429.86 7438.29 7446.18 7453.38 7459.89 7465.75 7471.03 7475.78 7480.05 7483.87 7487.27 7490.25 7492.84 7495.03 7496.83 7498.23 7499.24 7499.84 7500.04 7499.84 7499.24 7498.23 7496.83 7495.03 7492.84 7490.25 7487.27 7483.87 7480.05 
7474.33 7469.35 7463.75 7457.41 7450.2 7441.94 7432.41 7421.43 7409.13 7396.83 7389.27 7396.83 7409.13 7421.43 7432.41 7441.94 7450.2 7457.41 7463.75 7469.35 7474.33 7478.76 7482.69 7486.16 7489.19 7491.81 7494.02 7495.83 7497.23 7498.23 7498.84 7499.04 7498.84 7498.23 7497.23 7495.83 7494.02 7491.81 7489.19 7486.16 7482.69 7478.76 
7473.43 7468.3 7462.47 7455.8 7448.07 7438.96 7427.98 7414.32 7396.83 7374.61 7352.4 7374.61 7396.83 7414.32 7427.98 7438.96 7448.07 7455.8 7462.47 7468.3 7473.43 7477.96 7481.96 7485.48 7488.55 7491.19 7493.41 7495.22 7496.63 7497.63 7498.23 7498.44 7498.23 7497.63 7496.63 7495.22 7493.41 7491.19 7488.55 7485.48 7481.96 7477.96 
7473.12 7467.94 7462.03 7455.23 7447.31 7437.86 7426.21 7411.03 7389.27 7352.4 7271.22 7352.4 7389.27 7411.03 7426.21 7437.86 7447.31 7455.23 7462.03 7467.94 7473.12 7477.69 7481.72 7485.25 7488.33 7490.98 7493.2 7495.02 7496.43 7497.43 7498.03 7498.23 7498.03 7497.43 7496.43 7495.02 7493.2 7490.98 7488.33 7485.25 7481.72 7477.69 
7473.43 7468.3 7462.47 7455.8 7448.07 7438.96 7427.98 7414.32 7396.83 7374.61 7352.4 7374.61 7396.83 7414.32 7427.98 7438.96 7448.07 7455.8 7462.47 7468.3 7473.43 7477.96 7481.96 7485.48 7488.55 7491.19 7493.41 7495.22 7496.63 7497.63 7498.23 7498.44 7498.23 7497.63 7496.63 7495.22 7493.41 7491.19 7488.55 7485.48 7481.96 7477.96 
7474.33 7469.35 7463.75 7457.41 7450.2 7441.94 7432.41 7421.43 7409.13 7396.83 7389.27 7396.83 7409.13 7421.43 7432.41 7441.94 7450.2 7457.41 7463.75 7469.35 7474.33 7478.76 7482.69 7486.16 7489.19 7491.81 7494.02 7495.83 7497.23 7498.23 7498.84 7499.04 7498.84 7498.23 7497.23 7495.83 7494.02 7491.81 7489.19 7486.16 7482.69 7478.76 
7475.78 7471.03 7465.75 7459.89 7453.38 7446.18 7438.29 7429.86 7421.43 7414.32 7411.03 7414.32 7421.43 7429.86 7438.29 7446.18 7453.38 7459.89 7465.75 7471.03 7475.78 7480.05 7483.87 7487.27 7490.25 7492.84 7495.03 7496.83 7498.23 7499.24 7499.84 7500.04 7499.84 7499.24 7498.23 7496.83 7495.03 7492.84 7490.25 7487.27 7483.87 7480.05 
7477.71 7473.23 7468.33 7463.01 7457.26 7451.12 7444.7 7438.29 7432.41 7427.98 7426.21 7427.98 7432.41 7438.29 7444.7 7451.12 7457.26 7463.01 7468.33 7473.23 7477.71 7481.79 7485.48 7488.78 7491.71 7494.27 7496.44 7498.23 7499.64 7500.64 7501.25 7501.45 7501.25 7500.64 7499.64 7498.23 7496.44 7494.27 7491.71 7488.78 7485.48 7481.79 
7480.04 7475.85 7471.34 7466.55 7461.51 7456.31 7451.12 7446.18 7441.94 7438.96 7437.86 7438.96 7441.94 7446.18 7451.12 7456.31 7461.51 7466.55 7471.34 7475.85 7480.04 7483.91 7487.46 7490.67 7493.55 7496.07 7498.23 7500.03 7501.44 7502.45 7503.06 7503.27 7503.06 7502.45 7501.44 7500.03 7498.23 7496.07 7493.55 7490.67 7487.46 7483.91 
7482.69 7478.77 7474.63 7470.33 7465.92 7461.51 7457.26 7453.38 7450.2 7448.07 7447.31 7448.07 7450.2 7453.38 7457.26 7461.51 7465.92 7470.33 7474.63 7478.77 7482.69 7486.37 7489.78 7492.91 7495.73 7498.23 7500.4 7502.2 7503.63 7504.66 7505.28 7505.49 7505.28 7504.66 7503.63 7502.2 7500.4 7498.23 7495.73 7492.91 7489.78 7486.37 
7485.58 7481.9 7478.1 7474.21 7470.33 7466.55 7463.01 7459.89 7457.41 7455.8 7455.23 7455.8 7457.41 7459.89 7463.01 7466.55 7470.33 7474.21 7478.1 7481.9 7485.58 7489.08 7492.38 7495.44 7498.23 7500.74 7502.92 7504.76 7506.22 7507.28 7507.92 7508.14 7507.92 7507.28 7506.22 7504.76 7502.92 7500.74 7498.23 7495.44 7492.38 7489.08 
7488.63 7485.16 7481.63 7478.1 7474.63 7471.34 7468.33 7465.75 7463.75 7462.47 7462.03 7462.47 7463.75 7465.75 7468.33 7471.34 7474.63 7478.1 7481.63 7485.16 7488.63 7492 7495.21 7498.23 7501.03 7503.56 7505.8 7507.69 7509.2 7510.31 7510.99 7511.22 7510.99 7510.31 7509.2 7507.69 7505.8 7503.56 7501.03 7498.23 7495.21 7492 
7491.8 7488.48 7485.16 7481.9 7478.77 7475.85 7473.23 7471.03 7469.35 7468.3 7467.94 7468.3 7469.35 7471.03 7473.23 7475.85 7478.77 7481.9 7485.16 7488.48 7491.8 7495.07 7498.23 7501.26 7504.09 7506.69 7509.01 7511 7512.6 7513.79 7514.51 7514.76 7514.51 7513.79 7512.6 7511 7509.01 7506.69 7504.09 7501.26 7498.23 7495.07 
7495.02 7491.8 7488.63 7485.58 7482.69 7480.04 7477.71 7475.78 7474.33 7473.43 7473.12 7473.43 7474.33 7475.78 7477.71 7480.04 7482.69 7485.58 7488.63 7491.8 7495.02 7498.23 7501.4 7504.47 7507.39 7510.11 7512.56 7514.69 7516.43 7517.72 7518.52 7518.79 7518.52 7517.72 7516.43 7514.69 7512.56 7510.11 7507.39 7504.47 7501.4 7498.23 
7498.23 7495.07 7492 7489.08 7486.37 7483.91 7481.79 7480.05 7478.76 7477.96 7477.69 7477.96 7478.76 7480.05 7481.79 7483.91 7486.37 7489.08 7492 7495.07 7498.23 7501.45 7504.67 7507.84 7510.9 7513.79 7516.44 7518.77 7520.7 7522.15 7523.06 7523.36 7523.06 7522.15 7520.7 7518.77 7516.44 7513.79 7510.9 7507.84 7504.67 7501.45 
7501.4 7498.23 7495.21 7492.38 7489.78 7487.46 7485.48 7483.87 7482.69 7481.96 7481.72 7481.96 7482.69 7483.87 7485.48 7487.46 7489.78 7492.38 7495.21 7498.23 7501.4 7504.67 7507.99 7511.31 7514.58 7517.71 7520.64 7523.26 7525.46 7527.14 7528.2 7528.56 7528.2 7527.14 7525.46 7523.26 7520.64 7517.71 7514.58 7511.31 7507.99 7504.67 
7504.47 7501.26 7498.23 7495.44 7492.91 7490.67 7488.78 7487.27 7486.16 7485.48 7485.25 7485.48 7486.16 7487.27 7488.78 7490.67 7492.91 7495.44 7498.23 7501.26 7504.47 7507.84 7511.31 7514.85 7518.38 7521.85 7525.15 7528.16 7530.75 7532.76 7534.04 7534.48 7534.04 7532.76 7530.75 7528.16 7525.15 7521.85 7518.38 7514.85 7511.31 7507.84 
7507.39 7504.09 7501.03 7498.23 7495.73 7493.55 7491.71 7490.25 7489.19 7488.55 7488.33 7488.55 7489.19 7490.25 7491.71 7493.55 7495.73 7498.23 7501.03 7504.09 7507.39 7510.9 7514.58 7518.38 7522.27 7526.16 7529.95 7533.5 7536.62 7539.11 7540.72 7541.29 7540.72 7539.11 7536.62 7533.5 7529.95 7526.16 7522.27 7518.38 7514.58 7510.9 
7510.11 7506.69 7503.56 7500.74 7498.23 7496.07 7494.27 7492.84 7491.81 7491.19 7490.98 7491.19 7491.81 7492.84 7494.27 7496.07 7498.23 7500.74 7503.56 7506.69 7510.11 7513.79 7517.71 7521.85 7526.16 7530.58 7535 7539.26 7543.14 7546.33 7548.47 7549.23 7548.47 7546.33 7543.14 7539.26 7535 7530.58 7526.16 7521.85 7517.71 7513.79 
7512.56 7509.01 7505.8 7502.92 7500.4 7498.23 7496.44 7495.03 7494.02 7493.41 7493.2 7493.41 7494.02 7495.03 7496.44 7498.23 7500.4 7502.92 7505.8 7509.01 7512.56 7516.44 7520.64 7525.15 7529.95 7535 7540.2 7545.42 7550.36 7554.62 7557.61 7558.71 7557.61 7554.62 7550.36 7545.42 7540.2 7535 7529.95 7525.15 7520.64 7516.44 
7514.69 7511 7507.69 7504.76 7502.2 7500.03 7498.23 7496.83 7495.83 7495.22 7495.02 7495.22 7495.83 7496.83 7498.23 7500.03 7502.2 7504.76 7507.69 7511 7514.69 7518.77 7523.26 7528.16 7533.5 7539.26 7545.42 7551.85 7558.28 7564.18 7568.64 7570.41 7568.64 7564.18 7558.28 7551.85 7545.42 7539.26 7533.5 7528.16 7523.26 7518.77 
7516.43 7512.6 7509.2 7506.22 7503.63 7501.44 7499.64 7498.23 7497.23 7496.63 7496.43 7496.63 7497.23 7498.23 7499.64 7501.44 7503.63 7506.22 7509.2 7512.6 7516.43 7520.7 7525.46 7530.75 7536.62 7543.14 7550.36 7558.28 7566.74 7575.21 7582.36 7585.66 7582.36 7575.21 7566.74 7558.28 7550.36 7543.14 7536.62 7530.75 7525.46 7520.7 
7517.72 7513.79 7510.31 7507.28 7504.66 7502.45 7500.64 7499.24 7498.23 7497.63 7497.43 7497.63 7498.23 7499.24 7500.64 7502.45 7504.66 7507.28 7510.31 7513.79 7517.72 7522.15 7527.14 7532.76 7539.11 7546.33 7554.62 7564.18 7575.21 7587.57 7599.94 7607.55 7599.94 7587.57 7575.21 7564.18 7554.62 7546.33 7539.11 7532.76 7527.14 7522.15 
7518.52 7514.51 7510.99 7507.92 7505.28 7503.06 7501.25 7499.84 7498.84 7498.23 7498.03 7498.23 7498.84 7499.84 7501.25 7503.06 7505.28 7507.92 7510.99 7514.51 7518.52 7523.06 7528.2 7534.04 7540.72 7548.47 7557.61 7568.64 7582.36 7599.94 7622.3 7644.69 7622.3 7599.94 7582.36 7568.64 7557.61 7548.47 7540.72 7534.04 7528.2 7523.06 
7518.79 7514.76 7511.22 7508.14 7505.49 7503.27 7501.45 7500.04 7499.04 7498.44 7498.23 7498.44 7499.04 7500.04 7501.45 7503.27 7505.49 7508.14 7511.22 7514.76 7518.79 7523.36 7528.56 7534.48 7541.29 7549.23 7558.71 7570.41 7585.66 7607.55 7644.69 7726.76 7644.69 7607.55 7585.66 7570.41 7558.71 7549.23 7541.29 7534.48 7528.56 7523.36 
7518.52 7514.51 7510.99 7507.92 7505.28 7503.06 7501.25 7499.84 7498.84 7498.23 7498.03 7498.23 7498.84 7499.84 7501.25 7503.06 7505.28 7507.92 7510.99 7514.51 7518.52 7523.06 7528.2 7534.04 7540.72 7548.47 7557.61 7568.64 7582.36 7599.94 7622.3 7644.69 7622.3 7599.94 7582.36 7568.64 7557.61 7548.47 7540.72 7534.04 7528.2 7523.06 
7517.72 7513.79 7510.31 7507.28 7504.66 7502.45 7500.64 7499.24 7498.23 7497.63 7497.43 7497.63 7498.23 7499.24 7500.64 7502.45 7504.66 7507.28 7510.31 7513.79 7517.72 7522.15 7527.14 7532.76 7539.11 7546.33 7554.62 7564.18 7575.21 7587.57 7599.94 7607.55 7599.94 7587.57 7575.21 7564.18 7554.62 7546.33 7539.11 7532.76 7527.14 7522.15 
7516.43 7512.6 7509.2 7506.22 7503.63 7501.44 7499.64 7498.23 7497.23 7496.63 7496.43 7496.63 7497.23 7498.23 7499.64 7501.44 7503.63 7506.22 7509.2 7512.6 7516.43 7520.7 7525.46 7530.75 7536.62 7543.14 7550.36 7558.28 7566.74 7575.21 7582.36 7585.66 7582.36 7575.21 7566.74 7558.28 7550.36 7543.14 7536.62 7530.75 7525.46 7520.7 
7514.69 7511 7507.69 7504.76 7502.2 7500.03 7498.23 7496.83 7495.83 7495.22 7495.02 7495.22 7495.83 7496.83 7498.23 7500.03 7502.2 7504.76 7507.69 7511 7514.69 7518.77 7523.26 7528.16 7533.5 7539.26 7545.42 7551.85 7558.28 7564.18 7568.64 7570.41 7568.64 7564.18 7558.28 7551.85 7545.42 7539.26 7533.5 7528.16 7523.26 7518.77 
7512.56 7509.01 7505.8 7502.92 7500.4 7498.23 7496.44 7495.03 7494.02 7493.41 7493.2 7493.41 7494.02 7495.03 7496.44 7498.23 7500.4 7502.92 7505.8 7509.01 7512.56 7516.44 7520.64 7525.15 7529.95 7535 7540.2 7545.42 7550.36 7554.62 7557.61 7558.71 7557.61 7554.62 7550.36 7545.42 7540.2 7535 7529.95 7525.15 7520.64 7516.44 
7510.11 7506.69 7503.56 7500.74 7498.23 7496.07 7494.27 7492.84 7491.81 7491.19 7490.98 7491.19 7491.81 7492.84 7494.27 7496.07 7498.23 7500.74 7503.56 7506.69 7510.11 7513.79 7517.71 7521.85 7526.16 7530.58 7535 7539.26 7543.14 7546.33 7548.47 7549.23 7548.47 7546.33 7543.14 7539.26 7535 7530.58 7526.16 7521.85 7517.71 7513.79 
7507.39 7504.09 7501.03 7498.23 7495.73 7493.55 7491.71 7490.25 7489.19 7488.55 7488.33 7488.55 7489.19 7490.25 7491.71 7493.55 7495.73 7498.23 7501.03 7504.09 7507.39 7510.9 7514.58 7518.38 7522.27 7526.16 7529.95 7533.5 7536.62 7539.11 7540.72 7541.29 7540.72 7539.11 7536.62 7533.5 7529.95 7526.16 7522.27 7518.38 7514.58 7510.9 
7504.47 7501.26 7498.23 7495.44 7492.91 7490.67 7488.78 7487.27 7486.16 7485.48 7485.25 7485.48 7486.16 7487.27 7488.78 7490.67 7492.91 7495.44 7498.23 7501.26 7504.47 7507.84 7511.31 7514.85 7518.38 7521.85 7525.15 7528.16 7530.75 7532.76 7534.04 7534.48 7534.04 7532.76 7530.75 7528.16 7525.15 7521.85 7518.38 7514.85 7511.31 7507.84 
7501.4 7498.23 7495.21 7492.38 7489.78 7487.46 7485.48 7483.87 7482.69 7481.96 7481.72 7481.96 7482.69 7483.87 7485.48 7487.46 7489.78 7492.38 7495.21 7498.23 7501.4 7504.67 7507.99 7511.31 7514.58 7517.71 7520.64 7523.26 7525.46 7527.14 7528.2 7528.56 7528.2 7527.14 7525.46 7523.26 7520.64 7517.71 7514.58 7511.31 7507.99 7504.67 
7498.23 7495.07 7492 7489.08 7486.37 7483.91 7481.79 7480.05 7478.76 7477.96 7477.69 7477.96 7478.76 7480.05 7481.79 7483.91 7486.37 7489.08 7492 7495.07 7498.23 7501.45 7504.67 7507.84 7510.9 7513.79 7516.44 7518.77 7520.7 7522.15 7523.06 7523.36 7523.06 7522.15 7520.7 7518.77 7516.44 7513.79 7510.9 7507.84 7504.67 7501.45 
