7495.01 7491.78 7488.6 7485.54 7482.64 7479.99 7477.65 7475.72 7474.26 7473.36 7473.05 7473.36 7474.26 7475.72 7477.65 7479.99 7482.64 7485.54 7488.6 7491.78 7495.01 7498.23 7501.41 7504.49 7507.42 7510.14 7512.6 7514.74 7516.48 7517.78 7518.58 7518.85 7518.58 7517.78 7516.48 7514.74 7512.6 7510.14 7507.42 7504.49 7501.41 7498.23 
7491.78 7488.45 7485.12 7481.85 7478.71 7475.78 7473.16 7470.95 7469.27 7468.22 7467.85 7468.22 7469.27 7470.95 7473.16 7475.78 7478.71 7481.85 7485.12 7488.45 7491.78 7495.06 7498.23 7501.27 7504.11 7506.72 7509.05 7511.04 7512.65 7513.84 7514.56 7514.81 7514.56 7513.84 7512.65 7511.04 7509.05 7506.72 7504.11 7501.27 7498.23 7495.06 
7488.6 7485.12 7481.58 7478.04 7474.57 7471.27 7468.25 7465.66 7463.66 7462.38 7461.94 7462.38 7463.66 7465.66 7468.25 7471.27 7474.57 7478.04 7481.58 7485.12 7488.6 7491.98 7495.2 7498.23 7501.04 7503.58 7505.82 7507.72 7509.24 7510.35 7511.03 7511.26 7511.03 7510.35 7509.24 7507.72 7505.82 7503.58 7501.04 7498.23 7495.2 7491.98 
7485.54 7481.85 7478.04 7474.15 7470.25 7466.47 7462.92 7459.79 7457.31 7455.7 7455.13 7455.7 7457.31 7459.79 7462.92 7466.47 7470.25 7474.15 7478.04 7481.85 7485.54 7489.05 7492.36 7495.43 7498.23 7500.75 7502.94 7504.78 7506.24 7507.31 7507.96 7508.17 7507.96 7507.31 7506.24 7504.78 7502.94 7500.75 7498.23 7495.43 7492.36 7489.05 
7482.64 7478.71 7474.57 7470.25 7465.84 7461.42 7457.16 7453.28 7450.09 7447.96 7447.2 7447.96 7450.09 7453.28 7457.16 7461.42 7465.84 7470.25 7474.57 7478.71 7482.64 7486.33 7489.75 7492.89 7495.72 7498.23 7500.41 7502.22 7503.65 7504.68 7505.31 7505.52 7505.31 7504.68 7503.65 7502.22 7500.41 7498.23 7495.72 7492.89 7489.75 7486.33 
7479.99 7475.78 7471.27 7466.47 7461.42 7456.22 7451.01 7446.07 7441.83 7438.85 7437.74 7438.85 7441.83 7446.07 7451.01 7456.22 7461.42 7466.47 7471.27 7475.78 7479.99 7483.87 7487.43 7490.65 7493.53 7496.06 7498.23 7500.03 7501.45 7502.47 7503.08 7503.29 7503.08 7502.47 7501.45 7500.03 7498.23 7496.06 7493.53 7490.65 7487.43 7483.87 
7477.65 7473.16 7468.25 7462.92 7457.16 7451.01 7444.59 7438.17 7432.29 7427.85 7426.09 7427.85 7432.29 7438.17 7444.59 7451.01 7457.16 7462.92 7468.25 7473.16 7477.65 7481.74 7485.44 7488.75 7491.69 7494.25 7496.44 7498.23 7499.64 7500.65 7501.26 7501.46 7501.26 7500.65 7499.64 7498.23 7496.44 7494.25 7491.69 7488.75 7485.44 7481.74 
7475.72 7470.95 7465.66 7459.79 7453.28 7446.07 7438.17 7429.74 7421.3 7414.19 7410.9 7414.19 7421.3 7429.74 7438.17 7446.07 7453.28 7459.79 7465.66 7470.95 7475.72 7480 7483.83 7487.23 7490.23 7492.82 7495.02 7496.83 7498.23 7499.24 7499.85 7500.05 7499.85 7499.24 7498.23 7496.83 7495.02 7492.82 7490.23 7487.23 7483.83 7480 
7474.26 7469.27 7463.66 7457.31 7450.09 7441.83 7432.29 7421.3 7409 7396.7 7389.14 7396.7 7409 7421.3 7432.29 7441.83 7450.09 7457.31 7463.66 7469.27 7474.26 7478.7 7482.64 7486.12 7489.16 7491.79 7494 7495.82 7497.23 7498.23 7498.84 7499.04 7498.84 7498.23 7497.23 7495.82 7494 7491.79 7489.16 7486.12 7482.64 7478.7 
7473.36 7468.22 7462.38 7455.7 7447.96 7438.85 7427.85 7414.19 7396.7 7374.48 7352.27 7374.48 7396.7 7414.19 7427.85 7438.85 7447.96 7455.7 7462.38 7468.22 7473.36 7477.9 7481.91 7485.44 7488.52 7491.16 7493.39 7495.21 7496.62 7497.63 7498.23 7498.44 7498.23 7497.63 7496.62 7495.21 7493.39 7491.16 7488.52 7485.44 7481.91 7477.9 
7473.05 7467.85 7461.94 7455.13 7447.2 7437.74 7426.09 7410.9 7389.14 7352.27 7271.08 7352.27 7389.14 7410.9 7426.09 7437.74 7447.2 7455.13 7461.94 7467.85 7473.05 7477.63 7481.67 7485.21 7488.3 7490.95 7493.18 7495 7496.42 7497.43 7498.03 7498.23 7498.03 7497.43 7496.42 7495 7493.18 7490.95 7488.3 7485.21 7481.67 7477.63 
7473.36 7468.22 7462.38 7455.7 7447.96 7438.85 7427.85 7414.19 7396.7 7374.48 7352.27 7374.48 7396.7 7414.19 7427.85 7438.85 7447.96 7455.7 7462.38 7468.22 7473.36 7477.9 7481.91 7485.44 7488.52 7491.16 7493.39 7495.21 7496.62 7497.63 7498.23 7498.44 7498.23 7497.63 7496.62 7495.21 7493.39 7491.16 7488.52 7485.44 7481.91 7477.9 
7474.26 7469.27 7463.66 7457.31 7450.09 7441.83 7432.29 7421.3 7409 7396.7 7389.14 7396.7 7409 7421.3 7432.29 7441.83 7450.09 7457.31 7463.66 7469.27 7474.26 7478.7 7482.64 7486.12 7489.16 7491.79 7494 7495.82 7497.23 7498.23 7498.84 7499.04 7498.84 7498.23 7497.23 7495.82 7494 7491.79 7489.16 7486.12 7482.64 7478.7 
7475.72 7470.95 7465.66 7459.79 7453.28 7446.07 7438.17 7429.74 7421.3 7414.19 7410.9 7414.19 7421.3 7429.74 7438.17 7446.07 7453.28 7459.79 7465.66 7470.95 7475.72 7480 7483.83 7487.23 7490.23 7492.82 7495.02 7496.83 7498.23 7499.24 7499.85 7500.05 7499.85 7499.24 7498.23 7496.83 7495.02 7492.82 7490.23 7487.23 7483.83 7480 
7477.65 7473.16 7468.25 7462.92 7457.16 7451.01 7444.59 7438.17 7432.29 7427.85 7426.09 7427.85 7432.29 7438.17 7444.59 7451.01 7457.16 7462.92 7468.25 7473.16 7477.65 7481.74 7485.44 7488.75 7491.69 7494.25 7496.44 7498.23 7499.64 7500.65 7501.26 7501.46 7501.26 7500.65 7499.64 7498.23 7496.44 7494.25 7491.69 7488.75 7485.44 7481.74 
7479.99 7475.78 7471.27 7466.47 7461.42 7456.22 7451.01 7446.07 7441.83 7438.85 7437.74 7438.85 7441.83 7446.07 7451.01 7456.22 7461.42 7466.47 7471.27 7475.78 7479.99 7483.87 7487.43 7490.65 7493.53 7496.06 7498.23 7500.03 7501.45 7502.47 7503.08 7503.29 7503.08 7502.47 7501.45 7500.03 7498.23 7496.06 7493.53 7490.65 7487.43 7483.87 
7482.64 7478.71 7474.57 7470.25 7465.84 7461.42 7457.16 7453.28 7450.09 7447.96 7447.2 7447.96 7450.09 7453.28 7457.16 7461.42 7465.84 7470.25 7474.57 7478.71 7482.64 7486.33 7489.75 7492.89 7495.72 7498.23 7500.41 7502.22 7503.65 7504.68 7505.31 7505.52 7505.31 7504.68 7503.65 7502.22 7500.41 7498.23 7495.72 7492.89 7489.75 7486.33 
7485.54 7481.85 7478.04 7474.15 7470.25 7466.47 7462.92 7459.79 7457.31 7455.7 7455.13 7455.7 7457.31 7459.79 7462.92 7466.47 7470.25 7474.15 7478.04 7481.85 7485.54 7489.05 7492.36 7495.43 7498.23 7500.75 7502.94 7504.78 7506.24 7507.31 7507.96 7508.17 7507.96 7507.31 7506.24 7504.78 7502.94 7500.75 7498.23 7495.43 7492.36 7489.05 
7488.6 7485.12 7481.58 7478.04 7474.57 7471.27 7468.25 7465.66 7463.66 7462.38 7461.94 7462.38 7463.66 7465.66 7468.25 7471.27 7474.57 7478.04 7481.58 7485.12 7488.6 7491.98 7495.2 7498.23 7501.04 7503.58 7505.82 7507.72 7509.24 7510.35 7511.03 7511.26 7511.03 7510.35 7509.24 7507.72 7505.82 7503.58 7501.04 7498.23 7495.2 7491.98 
7491.78 7488.45 7485.12 7481.85 7478.71 7475.78 7473.16 7470.95 7469.27 7468.22 7467.85 7468.22 7469.27 7470.95 7473.16 7475.78 7478.71 7481.85 7485.12 7488.45 7491.78 7495.06 7498.23 7501.27 7504.11 7506.72 7509.05 7511.04 7512.65 7513.84 7514.56 7514.81 7514.56 7513.84 7512.65 7511.04 7509.05 7506.72 7504.11 7501.27 7498.23 7495.06 
7495.01 7491.78 7488.6 7485.54 7482.64 7479.99 7477.65 7475.72 7474.26 7473.36 7473.05 7473.36 7474.26 7475.72 7477.65 7479.99 7482.64 7485.54 7488.6 7491.78 7495.01 7498.23 7501.41 7504.49 7507.42 7510.14 7512.6 7514.74 7516.48 7517.78 7518.58 7518.85 7518.58 7517.78 7516.48 7514.74 7512.6 7510.14 7507.42 7504.49 7501.41 7498.23 
7498.23 7495.06 7491.98 7489.05 7486.33 7483.87 7481.74 7480 7478.7 7477.9 7477.63 7477.9 7478.7 7480 7481.74 7483.87 7486.33 7489.05 7491.98 7495.06 7498.23 7501.46 7504.69 7507.87 7510.94 7513.83 7516.49 7518.83 7520.77 7522.22 7523.13 7523.44 7523.13 7522.22 7520.77 7518.83 7516.49 7513.83 7510.94 7507.87 7504.69 7501.46 
7501.41 7498.23 7495.2 7492.36 7489.75 7487.43 7485.44 7483.83 7482.64 7481.91 7481.67 7481.91 7482.64 7483.83 7485.44 7487.43 7489.75 7492.36 7495.2 7498.23 7501.41 7504.69 7508.02 7511.35 7514.62 7517.77 7520.7 7523.33 7525.54 7527.22 7528.28 7528.64 7528.28 7527.22 7525.54 7523.33 7520.7 7517.77 7514.62 7511.35 7508.02 7504.69 
7504.49 7501.27 7498.23 7495.43 7492.89 7490.65 7488.75 7487.23 7486.12 7485.44 7485.21 7485.44 7486.12 7487.23 7488.75 7490.65 7492.89 7495.43 7498.23 7501.27 7504.49 7507.87 7511.35 7514.9 7518.44 7521.92 7525.22 7528.24 7530.83 7532.85 7534.13 7534.57 7534.13 7532.85 7530.83 7528.24 7525.22 7521.92 7518.44 7514.9 7511.35 7507.87 
7507.42 7504.11 7501.04 7498.23 7495.72 7493.53 7491.69 7490.23 7489.16 7488.52 7488.3 7488.52 7489.16 7490.23 7491.69 7493.53 7495.72 7498.23 7501.04 7504.11 7507.42 7510.94 7514.62 7518.44 7522.34 7526.24 7530.03 7533.59 7536.72 7539.21 7540.83 7541.39 7540.83 7539.21 7536.72 7533.59 7530.03 7526.24 7522.34 7518.44 7514.62 7510.94 
7510.14 7506.72 7503.58 7500.75 7498.23 7496.06 7494.25 7492.82 7491.79 7491.16 7490.95 7491.16 7491.79 7492.82 7494.25 7496.06 7498.23 7500.75 7503.58 7506.72 7510.14 7513.83 7517.77 7521.92 7526.24 7530.66 7535.09 7539.36 7543.25 7546.44 7548.58 7549.34 7548.58 7546.44 7543.25 7539.36 7535.09 7530.66 7526.24 7521.92 7517.77 7513.83 
7512.6 7509.05 7505.82 7502.94 7500.41 7498.23 7496.44 7495.02 7494 7493.39 7493.18 7493.39 7494 7495.02 7496.44 7498.23 7500.41 7502.94 7505.82 7509.05 7512.6 7516.49 7520.7 7525.22 7530.03 7535.09 7540.3 7545.52 7550.47 7554.73 7557.72 7558.83 7557.72 7554.73 7550.47 7545.52 7540.3 7535.09 7530.03 7525.22 7520.7 7516.49 
7514.74 7511.04 7507.72 7504.78 7502.22 7500.03 7498.23 7496.83 7495.82 7495.21 7495 7495.21 7495.82 7496.83 7498.23 7500.03 7502.22 7504.78 7507.72 7511.04 7514.74 7518.83 7523.33 7528.24 7533.59 7539.36 7545.52 7551.96 7558.4 7564.3 7568.76 7570.53 7568.76 7564.3 7558.4 7551.96 7545.52 7539.36 7533.59 7528.24 7523.33 7518.83 
7516.48 7512.65 7509.24 7506.24 7503.65 7501.45 7499.64 7498.23 7497.23 7496.62 7496.42 7496.62 7497.23 7498.23 7499.64 7501.45 7503.65 7506.24 7509.24 7512.65 7516.48 7520.77 7525.54 7530.83 7536.72 7543.25 7550.47 7558.4 7566.86 7575.34 7582.49 7585.79 7582.49 7575.34 7566.86 7558.4 7550.47 7543.25 7536.72 7530.83 7525.54 7520.77 
7517.78 7513.84 7510.35 7507.31 7504.68 7502.47 7500.65 7499.24 7498.23 7497.63 7497.43 7497.63 7498.23 7499.24 7500.65 7502.47 7504.68 7507.31 7510.35 7513.84 7517.78 7522.22 7527.22 7532.85 7539.21 7546.44 7554.73 7564.3 7575.34 7587.7 7600.07 7607.68 7600.07 7587.7 7575.34 7564.3 7554.73 7546.44 7539.21 7532.85 7527.22 7522.22 
7518.58 7514.56 7511.03 7507.96 7505.31 7503.08 7501.26 7499.85 7498.84 7498.23 7498.03 7498.23 7498.84 7499.85 7501.26 7503.08 7505.31 7507.96 7511.03 7514.56 7518.58 7523.13 7528.28 7534.13 7540.83 7548.58 7557.72 7568.76 7582.49 7600.07 7622.44 7644.82 7622.44 7600.07 7582.49 7568.76 7557.72 7548.58 7540.83 7534.13 7528.28 7523.13 
7518.85 7514.81 7511.26 7508.17 7505.52 7503.29 7501.46 7500.05 7499.04 7498.44 7498.23 7498.44 7499.04 7500.05 7501.46 7503.29 7505.52 7508.17 7511.26 7514.81 7518.85 7523.44 7528.64 7534.57 7541.39 7549.34 7558.83 7570.53 7585.79 7607.68 7644.82 7726.89 7644.82 7607.68 7585.79 7570.53 7558.83 7549.34 7541.39 7534.57 7528.64 7523.44 
7518.58 7514.56 7511.03 7507.96 7505.31 7503.08 7501.26 7499.85 7498.84 7498.23 7498.03 7498.23 7498.84 7499.85 7501.26 7503.08 7505.31 7507.96 7511.03 7514.56 7518.58 7523.13 7528.28 7534.13 7540.83 7548.58 7557.72 7568.76 7582.49 7600.07 7622.44 7644.82 7622.44 7600.07 7582.49 7568.76 7557.72 7548.58 7540.83 7534.13 7528.28 7523.13 
7517.78 7513.84 7510.35 7507.31 7504.68 7502.47 7500.65 7499.24 7498.23 7497.63 7497.43 7497.63 7498.23 7499.24 7500.65 7502.47 7504.68 7507.31 7510.35 7513.84 7517.78 7522.22 7527.22 7532.85 7539.21 7546.44 7554.73 7564.3 7575.34 7587.7 7600.07 7607.68 7600.07 7587.7 7575.34 7564.3 7554.73 7546.44 7539.21 7532.85 7527.22 7522.22 
7516.48 7512.65 7509.24 7506.24 7503.65 7501.45 7499.64 7498.23 7497.23 7496.62 7496.42 7496.62 7497.23 7498.23 7499.64 7501.45 7503.65 7506.24 7509.24 7512.65 7516.48 7520.77 7525.54 7530.83 7536.72 7543.25 7550.47 7558.4 7566.86 7575.34 7582.49 7585.79 7582.49 7575.34 7566.86 7558.4 7550.47 7543.25 7536.72 7530.83 7525.54 7520.77 
7514.74 7511.04 7507.72 7504.78 7502.22 7500.03 7498.23 7496.83 7495.82 7495.21 7495 7495.21 7495.82 7496.83 7498.23 7500.03 7502.22 7504.78 7507.72 7511.04 7514.74 7518.83 7523.33 7528.24 7533.59 7539.36 7545.52 7551.96 7558.4 7564.3 7568.76 7570.53 7568.76 7564.3 7558.4 7551.96 7545.52 7539.36 7533.59 7528.24 7523.33 7518.83 
7512.6 7509.05 7505.82 7502.94 7500.41 7498.23 7496.44 7495.02 7494 7493.39 7493.18 7493.39 7494 7495.02 7496.44 7498.23 7500.41 7502.94 7505.82 7509.05 7512.6 7516.49 7520.7 7525.22 7530.03 7535.09 7540.3 7545.52 7550.47 7554.73 7557.72 7558.83 7557.72 7554.73 7550.47 7545.52 7540.3 7535.09 7530.03 7525.22 7520.7 7516.49 
7510.14 7506.72 7503.58 7500.75 7498.23 7496.06 7494.25 7492.82 7491.79 7491.16 7490.95 7491.16 7491.79 7492.82 7494.25 7496.06 7498.23 7500.75 7503.58 7506.72 7510.14 7513.83 7517.77 7521.92 7526.24 7530.66 7535.09 7539.36 7543.25 7546.44 7548.58 7549.34 7548.58 7546.44 7543.25 7539.36 7535.09 7530.66 7526.24 7521.92 7517.77 7513.83 
7507.42 7504.11 7501.04 7498.23 7495.72 7493.53 7491.69 7490.23 7489.16 7488.52 7488.3 7488.52 7489.16 7490.23 7491.69 7493.53 7495.72 7498.23 7501.04 7504.11 7507.42 7510.94 7514.62 7518.44 7522.34 7526.24 7530.03 7533.59 7536.72 7539.21 7540.83 7541.39 7540.83 7539.21 7536.72 7533.59 7530.03 7526.24 7522.34 7518.44 7514.62 7510.94 
7504.49 7501.27 7498.23 7495.43 7492.89 7490.65 7488.75 7487.23 7486.12 7485.44 7485.21 7485.44 7486.12 7487.23 7488.75 7490.65 7492.89 7495.43 7498.23 7501.27 7504.49 7507.87 7511.35 7514.9 7518.44 7521.92 7525.22 7528.24 7530.83 7532.85 7534.13 7534.57 7534.13 7532.85 7530.83 7528.24 7525.22 7521.92 7518.44 7514.9 7511.35 7507.87 
7501.41 7498.23 7495.2 7492.36 7489.75 7487.43 7485.44 7483.83 7482.64 7481.91 7481.67 7481.91 7482.64 7483.83 7485.44 7487.43 7489.75 7492.36 7495.2 7498.23 7501.41 7504.69 7508.02 7511.35 7514.62 7517.77 7520.7 7523.33 7525.54 7527.22 7528.28 7528.64 7528.28 7527.22 7525.54 7523.33 7520.7 7517.77 7514.62 7511.35 7508.02 7504.69 
7498.23 7495.06 7491.98 7489.05 7486.33 7483.87 7481.74 7480 7478.7 7477.9 7477.63 7477.9 7478.7 7480 7481.74 7483.87 7486.33 7489.05 7491.98 7495.06 7498.23 7501.46 7504.69 7507.87 7510.94 7513.83 7516.49 7518.83 7520.77 7522.22 7523.13 7523.44 7523.13 7522.22 7520.77 7518.83 7516.49 7513.83 7510.94 7507.87 7504.69 7501.46 
