7495.03 7491.83 7488.68 7485.64 7482.77 7480.13 7477.81 7475.89 7474.45 7473.55 7473.24 7473.55 7474.45 7475.89 7477.81 7480.13 7482.77 7485.64 7488.68 7491.83 7495.03 7498.23 7501.39 7504.44 7507.35 7510.05 7512.49 7514.6 7516.34 7517.62 7518.42 7518.69 7518.42 7517.62 7516.34 7514.6 7512.49 7510.05 7507.35 7504.44 7501.39 7498.23 
7491.83 7488.53 7485.23 7481.98 7478.86 7475.95 7473.35 7471.15 7469.48 7468.43 7468.07 7468.43 7469.48 7471.15 7473.35 7475.95 7478.86 7481.98 7485.23 7488.53 7491.83 7495.08 7498.23 7501.24 7504.06 7506.65 7508.95 7510.93 7512.53 7513.71 7514.43 7514.67 7514.43 7513.71 7512.53 7510.93 7508.95 7506.65 7504.06 7501.24 7498.23 7495.08 
7488.68 7485.23 7481.71 7478.19 7474.74 7471.46 7468.47 7465.89 7463.89 7462.62 7462.18 7462.62 7463.89 7465.89 7468.47 7471.46 7474.74 7478.19 7481.71 7485.23 7488.68 7492.03 7495.23 7498.23 7501.02 7503.54 7505.76 7507.64 7509.15 7510.25 7510.92 7511.15 7510.92 7510.25 7509.15 7507.64 7505.76 7503.54 7501.02 7498.23 7495.23 7492.03 
7485.64 7481.98 7478.19 7474.32 7470.46 7466.69 7463.15 7460.04 7457.57 7455.96 7455.4 7455.96 7457.57 7460.04 7463.15 7466.69 7470.46 7474.32 7478.19 7481.98 7485.64 7489.13 7492.41 7495.45 7498.23 7500.73 7502.9 7504.72 7506.17 7507.23 7507.87 7508.08 7507.87 7507.23 7506.17 7504.72 7502.9 7500.73 7498.23 7495.45 7492.41 7489.13 
7482.77 7478.86 7474.74 7470.46 7466.06 7461.66 7457.42 7453.55 7450.38 7448.25 7447.49 7448.25 7450.38 7453.55 7457.42 7461.66 7466.06 7470.46 7474.74 7478.86 7482.77 7486.43 7489.82 7492.93 7495.74 7498.23 7500.39 7502.18 7503.6 7504.62 7505.24 7505.45 7505.24 7504.62 7503.6 7502.18 7500.39 7498.23 7495.74 7492.93 7489.82 7486.43 
7480.13 7475.95 7471.46 7466.69 7461.66 7456.48 7451.29 7446.36 7442.13 7439.15 7438.05 7439.15 7442.13 7446.36 7451.29 7456.48 7461.66 7466.69 7471.46 7475.95 7480.13 7483.99 7487.52 7490.72 7493.57 7496.08 7498.23 7500.02 7501.42 7502.43 7503.03 7503.24 7503.03 7502.43 7501.42 7500.02 7498.23 7496.08 7493.57 7490.72 7487.52 7483.99 
7477.81 7473.35 7468.47 7463.15 7457.42 7451.29 7444.89 7438.48 7432.61 7428.18 7426.41 7428.18 7432.61 7438.48 7444.89 7451.29 7457.42 7463.15 7468.47 7473.35 7477.81 7481.87 7485.54 7488.83 7491.75 7494.29 7496.45 7498.23 7499.63 7500.63 7501.23 7501.43 7501.23 7500.63 7499.63 7498.23 7496.45 7494.29 7491.75 7488.83 7485.54 7481.87 
7475.89 7471.15 7465.89 7460.04 7453.55 7446.36 7438.48 7430.06 7421.63 7414.52 7411.24 7414.52 7421.63 7430.06 7438.48 7446.36 7453.55 7460.04 7465.89 7471.15 7475.89 7480.14 7483.95 7487.33 7490.3 7492.87 7495.05 7496.84 7498.23 7499.23 7499.83 7500.03 7499.83 7499.23 7498.23 7496.84 7495.05 7492.87 7490.3 7487.33 7483.95 7480.14 
7474.45 7469.48 7463.89 7457.57 7450.38 7442.13 7432.61 7421.63 7409.34 7397.04 7389.48 7397.04 7409.34 7421.63 7432.61 7442.13 7450.38 7457.57 7463.89 7469.48 7474.45 7478.86 7482.77 7486.22 7489.24 7491.85 7494.04 7495.84 7497.24 7498.24 7498.83 7499.03 7498.83 7498.24 7497.24 7495.84 7494.04 7491.85 7489.24 7486.22 7482.77 7478.86 
7473.55 7468.43 7462.62 7455.96 7448.25 7439.15 7428.18 7414.52 7397.04 7374.83 7352.62 7374.83 7397.04 7414.52 7428.18 7439.15 7448.25 7455.96 7462.62 7468.43 7473.55 7478.06 7482.05 7485.55 7488.6 7491.23 7493.44 7495.24 7496.64 7497.64 7498.24 7498.43 7498.24 7497.64 7496.64 7495.24 7493.44 7491.23 7488.6 7485.55 7482.05 7478.06 
7473.24 7468.07 7462.18 7455.4 7447.49 7438.05 7426.41 7411.24 7389.48 7352.62 7271.44 7352.62 7389.48 7411.24 7426.41 7438.05 7447.49 7455.4 7462.18 7468.07 7473.24 7477.8 7481.81 7485.33 7488.39 7491.02 7493.23 7495.04 7496.44 7497.44 7498.04 7498.24 7498.04 7497.44 7496.44 7495.04 7493.23 7491.02 7488.39 7485.33 7481.81 7477.8 
7473.55 7468.43 7462.62 7455.96 7448.25 7439.15 7428.18 7414.52 7397.04 7374.83 7352.62 7374.83 7397.04 7414.52 7428.18 7439.15 7448.25 7455.96 7462.62 7468.43 7473.55 7478.06 7482.05 7485.55 7488.6 7491.23 7493.44 7495.24 7496.64 7497.64 7498.24 7498.43 7498.24 7497.64 7496.64 7495.24 7493.44 7491.23 7488.6 7485.55 7482.05 7478.06 
7474.45 7469.48 7463.89 7457.57 7450.38 7442.13 7432.61 7421.63 7409.34 7397.04 7389.48 7397.04 7409.34 7421.63 7432.61 7442.13 7450.38 7457.57 7463.89 7469.48 7474.45 7478.86 7482.77 7486.22 7489.24 7491.85 7494.04 7495.84 7497.24 7498.24 7498.83 7499.03 7498.83 7498.24 7497.24 7495.84 7494.04 7491.85 7489.24 7486.22 7482.77 7478.86 
7475.89 7471.15 7465.89 7460.04 7453.55 7446.36 7438.48 7430.06 7421.63 7414.52 7411.24 7414.52 7421.63 7430.06 7438.48 7446.36 7453.55 7460.04 7465.89 7471.15 7475.89 7480.14 7483.95 7487.33 7490.3 7492.87 7495.05 7496.84 7498.23 7499.23 7499.83 7500.03 7499.83 7499.23 7498.23 7496.84 7495.05 7492.87 7490.3 7487.33 7483.95 7480.14 
7477.81 7473.35 7468.47 7463.15 7457.42 7451.29 7444.89 7438.48 7432.61 7428.18 7426.41 7428.18 7432.61 7438.48 7444.89 7451.29 7457.42 7463.15 7468.47 7473.35 7477.81 7481.87 7485.54 7488.83 7491.75 7494.29 7496.45 7498.23 7499.63 7500.63 7501.23 7501.43 7501.23 7500.63 7499.63 7498.23 7496.45 7494.29 7491.75 7488.83 7485.54 7481.87 
7480.13 7475.95 7471.46 7466.69 7461.66 7456.48 7451.29 7446.36 7442.13 7439.15 7438.05 7439.15 7442.13 7446.36 7451.29 7456.48 7461.66 7466.69 7471.46 7475.95 7480.13 7483.99 7487.52 7490.72 7493.57 7496.08 7498.23 7500.02 7501.42 7502.43 7503.03 7503.24 7503.03 7502.43 7501.42 7500.02 7498.23 7496.08 7493.57 7490.72 7487.52 7483.99 
7482.77 7478.86 7474.74 7470.46 7466.06 7461.66 7457.42 7453.55 7450.38 7448.25 7447.49 7448.25 7450.38 7453.55 7457.42 7461.66 7466.06 7470.46 7474.74 7478.86 7482.77 7486.43 7489.82 7492.93 7495.74 7498.23 7500.39 7502.18 7503.6 7504.62 7505.24 7505.45 7505.24 7504.62 7503.6 7502.18 7500.39 7498.23 7495.74 7492.93 7489.82 7486.43 
7485.64 7481.98 7478.19 7474.32 7470.46 7466.69 7463.15 7460.04 7457.57 7455.96 7455.4 7455.96 7457.57 7460.04 7463.15 7466.69 7470.46 7474.32 7478.19 7481.98 7485.64 7489.13 7492.41 7495.45 7498.23 7500.73 7502.9 7504.72 7506.17 7507.23 7507.87 7508.08 7507.87 7507.23 7506.17 7504.72 7502.9 7500.73 7498.23 7495.45 7492.41 7489.13 
7488.68 7485.23 7481.71 7478.19 7474.74 7471.46 7468.47 7465.89 7463.89 7462.62 7462.18 7462.62 7463.89 7465.89 7468.47 7471.46 7474.74 7478.19 7481.71 7485.23 7488.68 7492.03 7495.23 7498.23 7501.02 7503.54 7505.76 7507.64 7509.15 7510.25 7510.92 7511.15 7510.92 7510.25 7509.15 7507.64 7505.76 7503.54 7501.02 7498.23 7495.23 7492.03 
7491.83 7488.53 7485.23 7481.98 7478.86 7475.95 7473.35 7471.15 7469.48 7468.43 7468.07 7468.43 7469.48 7471.15 7473.35 7475.95 7478.86 7481.98 7485.23 7488.53 7491.83 7495.08 7498.23 7501.24 7504.06 7506.65 7508.95 7510.93 7512.53 7513.71 7514.43 7514.67 7514.43 7513.71 7512.53 7510.93 7508.95 7506.65 7504.06 7501.24 7498.23 7495.08 
7495.03 7491.83 7488.68 7485.64 7482.77 7480.13 7477.81 7475.89 7474.45 7473.55 7473.24 7473.55 7474.45 7475.89 7477.81 7480.13 7482.77 7485.64 7488.68 7491.83 7495.03 7498.23 7501.39 7504.44 7507.35 7510.05 7512.49 7514.6 7516.34 7517.62 7518.42 7518.69 7518.42 7517.62 7516.34 7514.6 7512.49 7510.05 7507.35 7504.44 7501.39 7498.23 
7498.23 7495.08 7492.03 7489.13 7486.43 7483.99 7481.87 7480.14 7478.86 7478.06 7477.8 7478.06 7478.86 7480.14 7481.87 7483.99 7486.43 7489.13 7492.03 7495.08 7498.23 7501.44 7504.64 7507.79 7510.83 7513.71 7516.35 7518.67 7520.59 7522.04 7522.94 7523.24 7522.94 7522.04 7520.59 7518.67 7516.35 7513.71 7510.83 7507.79 7504.64 7501.44 
7501.39 7498.23 7495.23 7492.41 7489.82 7487.52 7485.54 7483.95 7482.77 7482.05 7481.81 7482.05 7482.77 7483.95 7485.54 7487.52 7489.82 7492.41 7495.23 7498.23 7501.39 7504.64 7507.94 7511.25 7514.5 7517.62 7520.53 7523.14 7525.34 7527.01 7528.06 7528.42 7528.06 7527.01 7525.34 7523.14 7520.53 7517.62 7514.5 7511.25 7507.94 7504.64 
7504.44 7501.24 7498.23 7495.45 7492.93 7490.72 7488.83 7487.33 7486.22 7485.55 7485.33 7485.55 7486.22 7487.33 7488.83 7490.72 7492.93 7495.45 7498.23 7501.24 7504.44 7507.79 7511.25 7514.77 7518.29 7521.74 7525.03 7528.03 7530.61 7532.61 7533.89 7534.33 7533.89 7532.61 7530.61 7528.03 7525.03 7521.74 7518.29 7514.77 7511.25 7507.79 
7507.35 7504.06 7501.02 7498.23 7495.74 7493.57 7491.75 7490.3 7489.24 7488.6 7488.39 7488.6 7489.24 7490.3 7491.75 7493.57 7495.74 7498.23 7501.02 7504.06 7507.35 7510.83 7514.5 7518.29 7522.16 7526.04 7529.81 7533.35 7536.47 7538.95 7540.56 7541.12 7540.56 7538.95 7536.47 7533.35 7529.81 7526.04 7522.16 7518.29 7514.5 7510.83 
7510.05 7506.65 7503.54 7500.73 7498.23 7496.08 7494.29 7492.87 7491.85 7491.23 7491.02 7491.23 7491.85 7492.87 7494.29 7496.08 7498.23 7500.73 7503.54 7506.65 7510.05 7513.71 7517.62 7521.74 7526.04 7530.44 7534.85 7539.1 7542.97 7546.16 7548.29 7549.05 7548.29 7546.16 7542.97 7539.1 7534.85 7530.44 7526.04 7521.74 7517.62 7513.71 
7512.49 7508.95 7505.76 7502.9 7500.39 7498.23 7496.45 7495.05 7494.04 7493.44 7493.23 7493.44 7494.04 7495.05 7496.45 7498.23 7500.39 7502.9 7505.76 7508.95 7512.49 7516.35 7520.53 7525.03 7529.81 7534.85 7540.04 7545.24 7550.18 7554.43 7557.42 7558.52 7557.42 7554.43 7550.18 7545.24 7540.04 7534.85 7529.81 7525.03 7520.53 7516.35 
7514.6 7510.93 7507.64 7504.72 7502.18 7500.02 7498.23 7496.84 7495.84 7495.24 7495.04 7495.24 7495.84 7496.84 7498.23 7500.02 7502.18 7504.72 7507.64 7510.93 7514.6 7518.67 7523.14 7528.03 7533.35 7539.1 7545.24 7551.66 7558.09 7563.99 7568.43 7570.2 7568.43 7563.99 7558.09 7551.66 7545.24 7539.1 7533.35 7528.03 7523.14 7518.67 
7516.34 7512.53 7509.15 7506.17 7503.6 7501.42 7499.63 7498.23 7497.24 7496.64 7496.44 7496.64 7497.24 7498.23 7499.63 7501.42 7503.6 7506.17 7509.15 7512.53 7516.34 7520.59 7525.34 7530.61 7536.47 7542.97 7550.18 7558.09 7566.54 7575 7582.15 7585.45 7582.15 7575 7566.54 7558.09 7550.18 7542.97 7536.47 7530.61 7525.34 7520.59 
7517.62 7513.71 7510.25 7507.23 7504.62 7502.43 7500.63 7499.23 7498.24 7497.64 7497.44 7497.64 7498.24 7499.23 7500.63 7502.43 7504.62 7507.23 7510.25 7513.71 7517.62 7522.04 7527.01 7532.61 7538.95 7546.16 7554.43 7563.99 7575 7587.36 7599.72 7607.33 7599.72 7587.36 7575 7563.99 7554.43 7546.16 7538.95 7532.61 7527.01 7522.04 
7518.42 7514.43 7510.92 7507.87 7505.24 7503.03 7501.23 7499.83 7498.83 7498.24 7498.04 7498.24 7498.83 7499.83 7501.23 7503.03 7505.24 7507.87 7510.92 7514.43 7518.42 7522.94 7528.06 7533.89 7540.56 7548.29 7557.42 7568.43 7582.15 7599.72 7622.08 7644.46 7622.08 7599.72 7582.15 7568.43 7557.42 7548.29 7540.56 7533.89 7528.06 7522.94 
7518.69 7514.67 7511.15 7508.08 7505.45 7503.24 7501.43 7500.03 7499.03 7498.43 7498.24 7498.43 7499.03 7500.03 7501.43 7503.24 7505.45 7508.08 7511.15 7514.67 7518.69 7523.24 7528.42 7534.33 7541.12 7549.05 7558.52 7570.2 7585.45 7607.33 7644.46 7726.53 7644.46 7607.33 7585.45 7570.2 7558.52 7549.05 7541.12 7534.33 7528.42 7523.24 
7518.42 7514.43 7510.92 7507.87 7505.24 7503.03 7501.23 7499.83 7498.83 7498.24 7498.04 7498.24 7498.83 7499.83 7501.23 7503.03 7505.24 7507.87 7510.92 7514.43 7518.42 7522.94 7528.06 7533.89 7540.56 7548.29 7557.42 7568.43 7582.15 7599.72 7622.08 7644.46 7622.08 7599.72 7582.15 7568.43 7557.42 7548.29 7540.56 7533.89 7528.06 7522.94 
7517.62 7513.71 7510.25 7507.23 7504.62 7502.43 7500.63 7499.23 7498.24 7497.64 7497.44 7497.64 7498.24 7499.23 7500.63 7502.43 7504.62 7507.23 7510.25 7513.71 7517.62 7522.04 7527.01 7532.61 7538.95 7546.16 7554.43 7563.99 7575 7587.36 7599.72 7607.33 7599.72 7587.36 7575 7563.99 7554.43 7546.16 7538.95 7532.61 7527.01 7522.04 
7516.34 7512.53 7509.15 7506.17 7503.6 7501.42 7499.63 7498.23 7497.24 7496.64 7496.44 7496.64 7497.24 7498.23 7499.63 7501.42 7503.6 7506.17 7509.15 7512.53 7516.34 7520.59 7525.34 7530.61 7536.47 7542.97 7550.18 7558.09 7566.54 7575 7582.15 7585.45 7582.15 7575 7566.54 7558.09 7550.18 7542.97 7536.47 7530.61 7525.34 7520.59 
7514.6 7510.93 7507.64 7504.72 7502.18 7500.02 7498.23 7496.84 7495.84 7495.24 7495.04 7495.24 7495.84 7496.84 7498.23 7500.02 7502.18 7504.72 7507.64 7510.93 7514.6 7518.67 7523.14 7528.03 7533.35 7539.1 7545.24 7551.66 7558.09 7563.99 7568.43 7570.2 7568.43 7563.99 7558.09 7551.66 7545.24 7539.1 7533.35 7528.03 7523.14 7518.67 
7512.49 7508.95 7505.76 7502.9 7500.39 7498.23 7496.45 7495.05 7494.04 7493.44 7493.23 7493.44 7494.04 7495.05 7496.45 7498.23 7500.39 7502.9 7505.76 7508.95 7512.49 7516.35 7520.53 7525.03 7529.81 7534.85 7540.04 7545.24 7550.18 7554.43 7557.42 7558.52 7557.42 7554.43 7550.18 7545.24 7540.04 7534.85 7529.81 7525.03 7520.53 7516.35 
7510.05 7506.65 7503.54 7500.73 7498.23 7496.08 7494.29 7492.87 7491.85 7491.23 7491.02 7491.23 7491.85 7492.87 7494.29 7496.08 7498.23 7500.73 7503.54 7506.65 7510.05 7513.71 7517.62 7521.74 7526.04 7530.44 7534.85 7539.1 7542.97 7546.16 7548.29 7549.05 7548.29 7546.16 7542.97 7539.1 7534.85 7530.44 7526.04 7521.74 7517.62 7513.71 
7507.35 7504.06 7501.02 7498.23 7495.74 7493.57 7491.75 7490.3 7489.24 7488.6 7488.39 7488.6 7489.24 7490.3 7491.75 7493.57 7495.74 7498.23 7501.02 7504.06 7507.35 7510.83 7514.5 7518.29 7522.16 7526.04 7529.81 7533.35 7536.47 7538.95 7540.56 7541.12 7540.56 7538.95 7536.47 7533.35 7529.81 7526.04 7522.16 7518.29 7514.5 7510.83 
7504.44 7501.24 7498.23 7495.45 7492.93 7490.72 7488.83 7487.33 7486.22 7485.55 7485.33 7485.55 7486.22 7487.33 7488.83 7490.72 7492.93 7495.45 7498.23 7501.24 7504.44 7507.79 7511.25 7514.77 7518.29 7521.74 7525.03 7528.03 7530.61 7532.61 7533.89 7534.33 7533.89 7532.61 7530.61 7528.03 7525.03 7521.74 7518.29 7514.77 7511.25 7507.79 
7501.39 7498.23 7495.23 7492.41 7489.82 7487.52 7485.54 7483.95 7482.77 7482.05 7481.81 7482.05 7482.77 7483.95 7485.54 7487.52 7489.82 7492.41 7495.23 7498.23 7501.39 7504.64 7507.94 7511.25 7514.5 7517.62 7520.53 7523.14 7525.34 7527.01 7528.06 7528.42 7528.06 7527.01 7525.34 7523.14 7520.53 7517.62 7514.5 7511.25 7507.94 7504.64 
7498.23 7495.08 7492.03 7489.13 7486.43 7483.99 7481.87 7480.14 7478.86 7478.06 7477.8 7478.06 7478.86 7480.14 7481.87 7483.99 7486.43 7489.13 7492.03 7495.08 7498.23 7501.44 7504.64 7507.79 7510.83 7513.71 7516.35 7518.67 7520.59 7522.04 7522.94 7523.24 7522.94 7522.04 7520.59 7518.67 7516.35 7513.71 7510.83 7507.79 7504.64 7501.44 
